8  8  2  2
           1           1           0   183.00000000000000     
           1           2           0   508.00000000000000     
           1           3           1   550.00000000000000     
           1           4           1   304.00000000000000     
           1           5           1   187.00000000000000     
           1           6           1   4.0000000000000000     
           1           7          -1   0.0000000000000000     
           1           8          -1   0.0000000000000000     
           2           1           0   468.00000000000000     
           2           2           0   665.00000000000000     
           2           3           1   665.00000000000000     
           2           4           1   665.00000000000000     
           2           5           1   665.00000000000000     
           2           6           1   519.00000000000000     
           2           7           1   350.00000000000000     
           2           8           1   48.000000000000000     
           3           1           0   198.00000000000000     
           3           2           0   640.00000000000000     
           3           3           0   665.00000000000000     
           3           4           0   665.00000000000000     
           3           5           1   665.00000000000000     
           3           6           1   647.00000000000000     
           3           7           1   623.00000000000000     
           3           8           1   193.00000000000000     
           4           1          -1   0.0000000000000000     
           4           2           0   420.00000000000000     
           4           3           0   665.00000000000000     
           4           4           0   665.00000000000000     
           4           5           1   545.00000000000000     
           4           6           1   214.00000000000000     
           4           7           1   161.00000000000000     
           4           8          -1   0.0000000000000000     
           5           1           3   24.000000000000000     
           5           2           3   552.00000000000000     
           5           3           3   665.00000000000000     
           5           4           3   665.00000000000000     
           5           5           2   665.00000000000000     
           5           6           2   238.00000000000000     
           5           7           2   486.00000000000000     
           5           8           2   159.00000000000000     
           6           1           3   429.00000000000000     
           6           2           3   665.00000000000000     
           6           3           3   665.00000000000000     
           6           4           2   665.00000000000000     
           6           5           2   646.00000000000000     
           6           6           2   286.00000000000000     
           6           7           2   601.00000000000000     
           6           8           2   550.00000000000000     
           7           1           3   597.00000000000000     
           7           2           3   665.00000000000000     
           7           3           2   665.00000000000000     
           7           4           2   617.00000000000000     
           7           5           2   205.00000000000000     
           7           6          -1   0.0000000000000000     
           7           7           2   36.000000000000000     
           7           8           2   221.00000000000000     
           8           1           3   510.00000000000000     
           8           2           3   738.00000000000000     
           8           3           2   531.00000000000000     
           8           4           2   54.000000000000000     
           8           5          -1   0.0000000000000000     
           8           6          -1   0.0000000000000000     
           8           7          -1   0.0000000000000000     
           8           8          -1   0.0000000000000000     