8 8 2 2
1 1 2 183
1 2 2 508
1 3 2 550
1 4 2 304
1 5 3 187
1 6 3 4
1 7 -1 0
1 8 -1 0
2 1 2 468
2 2 2 665
2 3 2 665
2 4 2 665
2 5 3 665
2 6 3 519
2 7 3 350
2 8 3 48
3 1 2 198
3 2 2 640
3 3 2 665
3 4 2 665
3 5 3 665
3 6 3 647
3 7 3 623
3 8 3 193
4 1 -1 0
4 2 0 420
4 3 0 665
4 4 3 665
4 5 3 545
4 6 3 214
4 7 3 161
4 8 -1 0
5 1 2 24
5 2 0 552
5 3 0 665
5 4 1 665
5 5 1 665
5 6 3 238
5 7 3 486
5 8 3 159
6 1 0 429
6 2 0 665
6 3 0 665
6 4 1 665
6 5 1 646
6 6 1 286
6 7 1 601
6 8 1 550
7 1 0 597
7 2 0 665
7 3 1 665
7 4 1 617
7 5 1 205
7 6 -1 0
7 7 1 36
7 8 1 221
8 1 0 510
8 2 0 738
8 3 1 531
8 4 1 54
8 5 -1 0
8 6 -1 0
8 7 -1 0
8 8 -1 0