8   8   4  4
           1           1           0   183.00000000000000     
           1           2           0   508.00000000000000     
           1           3           1   550.00000000000000     
           1           4           1   304.00000000000000     
           1           5           2   187.00000000000000     
           1           6           2   4.0000000000000000     
           1           7          -1   0.0000000000000000     
           1           8          -1   0.0000000000000000     
           2           1           0   468.00000000000000     
           2           2           0   665.00000000000000     
           2           3           1   665.00000000000000     
           2           4           1   665.00000000000000     
           2           5           2   665.00000000000000     
           2           6           2   519.00000000000000     
           2           7           3   350.00000000000000     
           2           8           3   48.000000000000000     
           3           1           4   198.00000000000000     
           3           2           4   640.00000000000000     
           3           3           5   665.00000000000000     
           3           4           5   665.00000000000000     
           3           5           6   665.00000000000000     
           3           6           6   647.00000000000000     
           3           7           7   623.00000000000000     
           3           8           7   193.00000000000000     
           4           1          -1   0.0000000000000000     
           4           2           4   420.00000000000000     
           4           3           5   665.00000000000000     
           4           4           5   665.00000000000000     
           4           5           6   545.00000000000000     
           4           6           6   214.00000000000000     
           4           7           7   161.00000000000000     
           4           8          -1   0.0000000000000000     
           5           1           8   24.000000000000000     
           5           2           8   552.00000000000000     
           5           3           9   665.00000000000000     
           5           4           9   665.00000000000000     
           5           5          10   665.00000000000000     
           5           6          10   238.00000000000000     
           5           7          11   486.00000000000000     
           5           8          11   159.00000000000000     
           6           1           8   429.00000000000000     
           6           2           8   665.00000000000000     
           6           3           9   665.00000000000000     
           6           4           9   665.00000000000000     
           6           5          10   646.00000000000000     
           6           6          10   286.00000000000000     
           6           7          11   601.00000000000000     
           6           8          11   550.00000000000000     
           7           1          12   597.00000000000000     
           7           2          12   665.00000000000000     
           7           3          13   665.00000000000000     
           7           4          13   617.00000000000000     
           7           5          14   205.00000000000000     
           7           6          -1   0.0000000000000000     
           7           7          15   36.000000000000000     
           7           8          15   221.00000000000000     
           8           1          12   510.00000000000000     
           8           2          12   738.00000000000000     
           8           3          13   531.00000000000000     
           8           4          13   54.000000000000000     
           8           5          -1   0.0000000000000000     
           8           6          -1   0.0000000000000000     
           8           7          -1   0.0000000000000000     
           8           8          -1   0.0000000000000000     
