32  32  4  4
1 1 -1 0
1 2 -1 0
1 3 -1 0
1 4 -1 0
1 5 -1 0
1 6 -1 0
1 7 -1 0
1 8 12 1
1 9 12 10
1 10 12 25
1 11 13 21
1 12 13 3
1 13 -1 0
1 14 -1 0
1 15 -1 0
1 16 -1 0
1 17 -1 0
1 18 -1 0
1 19 -1 0
1 20 -1 0
1 21 -1 0
1 22 -1 0
1 23 -1 0
1 24 -1 0
1 25 -1 0
1 26 -1 0
1 27 -1 0
1 28 -1 0
1 29 -1 0
1 30 -1 0
1 31 -1 0
1 32 -1 0
2 1 -1 0
2 2 -1 0
2 3 -1 0
2 4 12 3
2 5 12 16
2 6 12 23
2 7 12 21
2 8 12 30
2 9 12 32
2 10 12 32
2 11 13 32
2 12 13 32
2 13 13 32
2 14 13 30
2 15 13 23
2 16 13 8
2 17 -1 0
2 18 -1 0
2 19 -1 0
2 20 -1 0
2 21 -1 0
2 22 -1 0
2 23 -1 0
2 24 -1 0
2 25 -1 0
2 26 -1 0
2 27 -1 0
2 28 -1 0
2 29 -1 0
2 30 -1 0
2 31 -1 0
2 32 -1 0
3 1 -1 0
3 2 -1 0
3 3 12 3
3 4 12 28
3 5 12 32
3 6 12 32
3 7 12 32
3 8 12 32
3 9 12 32
3 10 12 32
3 11 13 32
3 12 13 32
3 13 13 32
3 14 13 32
3 15 13 32
3 16 13 23
3 17 13 9
3 18 9 9
3 19 9 6
3 20 9 4
3 21 9 4
3 22 9 2
3 23 -1 0
3 24 -1 0
3 25 -1 0
3 26 -1 0
3 27 -1 0
3 28 -1 0
3 29 -1 0
3 30 -1 0
3 31 -1 0
3 32 -1 0
4 1 -1 0
4 2 -1 0
4 3 12 25
4 4 12 32
4 5 12 32
4 6 12 32
4 7 12 32
4 8 12 32
4 9 12 32
4 10 12 32
4 11 13 32
4 12 13 32
4 13 13 32
4 14 13 32
4 15 13 32
4 16 13 32
4 17 13 32
4 18 9 32
4 19 9 32
4 20 9 32
4 21 9 32
4 22 9 31
4 23 9 19
4 24 9 6
4 25 -1 0
4 26 -1 0
4 27 -1 0
4 28 -1 0
4 29 -1 0
4 30 -1 0
4 31 -1 0
4 32 -1 0
5 1 -1 0
5 2 12 4
5 3 12 32
5 4 12 32
5 5 12 32
5 6 12 32
5 7 12 32
5 8 12 32
5 9 12 32
5 10 13 32
5 11 13 32
5 12 13 32
5 13 13 32
5 14 13 32
5 15 13 32
5 16 13 32
5 17 9 32
5 18 9 32
5 19 9 32
5 20 9 32
5 21 9 32
5 22 9 32
5 23 9 32
5 24 9 32
5 25 9 6
5 26 -1 0
5 27 -1 0
5 28 -1 0
5 29 -1 0
5 30 -1 0
5 31 -1 0
5 32 -1 0
6 1 -1 0
6 2 12 18
6 3 12 32
6 4 12 32
6 5 12 32
6 6 12 32
6 7 12 32
6 8 12 32
6 9 12 32
6 10 13 32
6 11 13 32
6 12 13 32
6 13 13 32
6 14 13 32
6 15 13 32
6 16 13 32
6 17 9 32
6 18 9 32
6 19 9 32
6 20 9 32
6 21 9 32
6 22 9 32
6 23 9 32
6 24 9 32
6 25 9 28
6 26 9 20
6 27 9 16
6 28 9 12
6 29 9 17
6 30 9 17
6 31 9 2
6 32 -1 0
7 1 -1 0
7 2 12 19
7 3 12 32
7 4 12 32
7 5 12 32
7 6 12 32
7 7 12 32
7 8 12 32
7 9 12 32
7 10 13 32
7 11 13 32
7 12 13 32
7 13 13 32
7 14 13 32
7 15 13 32
7 16 13 32
7 17 9 32
7 18 9 32
7 19 9 32
7 20 9 32
7 21 9 32
7 22 9 32
7 23 9 32
7 24 9 32
7 25 8 32
7 26 8 32
7 27 8 32
7 28 8 32
7 29 8 32
7 30 8 32
7 31 8 21
7 32 8 1
8 1 -1 0
8 2 12 18
8 3 12 32
8 4 12 32
8 5 12 32
8 6 12 32
8 7 12 32
8 8 12 32
8 9 12 32
8 10 13 32
8 11 13 32
8 12 13 32
8 13 13 32
8 14 13 32
8 15 13 32
8 16 13 32
8 17 9 32
8 18 9 32
8 19 9 32
8 20 9 32
8 21 9 32
8 22 9 32
8 23 9 32
8 24 9 32
8 25 8 32
8 26 8 32
8 27 8 32
8 28 8 32
8 29 8 32
8 30 8 32
8 31 8 32
8 32 8 61
9 1 -1 0
9 2 14 32
9 3 14 32
9 4 14 32
9 5 14 32
9 6 14 32
9 7 14 32
9 8 14 32
9 9 15 32
9 10 15 32
9 11 15 32
9 12 15 32
9 13 13 32
9 14 13 32
9 15 13 32
9 16 10 32
9 17 10 32
9 18 10 32
9 19 10 32
9 20 10 32
9 21 9 32
9 22 9 32
9 23 9 32
9 24 9 32
9 25 8 32
9 26 8 32
9 27 8 32
9 28 8 32
9 29 8 32
9 30 8 32
9 31 8 32
9 32 8 134
10 1 -1 0
10 2 14 18
10 3 14 28
10 4 14 32
10 5 14 32
10 6 14 32
10 7 14 32
10 8 14 32
10 9 15 32
10 10 15 32
10 11 15 32
10 12 15 32
10 13 15 32
10 14 15 32
10 15 15 32
10 16 10 32
10 17 10 32
10 18 10 32
10 19 10 32
10 20 10 32
10 21 9 32
10 22 9 32
10 23 9 32
10 24 9 32
10 25 8 32
10 26 8 32
10 27 8 32
10 28 8 32
10 29 8 32
10 30 8 32
10 31 8 32
10 32 8 147
11 1 -1 0
11 2 -1 0
11 3 14 2
11 4 14 25
11 5 14 32
11 6 14 32
11 7 14 32
11 8 14 32
11 9 15 32
11 10 15 32
11 11 15 32
11 12 15 32
11 13 15 32
11 14 15 32
11 15 15 32
11 16 10 32
11 17 10 32
11 18 10 32
11 19 10 32
11 20 10 32
11 21 11 32
11 22 11 32
11 23 11 32
11 24 11 32
11 25 8 32
11 26 8 32
11 27 8 32
11 28 8 32
11 29 8 32
11 30 8 32
11 31 8 32
11 32 8 138
12 1 -1 0
12 2 -1 0
12 3 -1 0
12 4 14 1
12 5 14 22
12 6 14 32
12 7 14 32
12 8 14 32
12 9 15 32
12 10 15 32
12 11 15 32
12 12 15 32
12 13 15 32
12 14 15 32
12 15 15 32
12 16 10 32
12 17 10 32
12 18 10 32
12 19 10 32
12 20 10 32
12 21 11 32
12 22 11 32
12 23 11 32
12 24 11 32
12 25 11 32
12 26 11 32
12 27 11 32
12 28 11 32
12 29 11 32
12 30 11 32
12 31 11 32
12 32 11 100
13 1 -1 0
13 2 -1 0
13 3 -1 0
13 4 -1 0
13 5 -1 0
13 6 14 19
13 7 14 32
13 8 14 32
13 9 15 32
13 10 15 32
13 11 15 32
13 12 15 32
13 13 15 32
13 14 15 32
13 15 15 32
13 16 10 32
13 17 10 32
13 18 10 32
13 19 10 32
13 20 10 32
13 21 10 32
13 22 11 32
13 23 11 32
13 24 11 32
13 25 11 32
13 26 11 32
13 27 11 32
13 28 11 24
13 29 11 24
13 30 11 32
13 31 11 32
13 32 11 41
14 1 -1 0
14 2 -1 0
14 3 -1 0
14 4 -1 0
14 5 -1 0
14 6 14 2
14 7 14 30
14 8 14 32
14 9 15 32
14 10 15 32
14 11 15 32
14 12 15 32
14 13 15 32
14 14 15 32
14 15 15 32
14 16 10 32
14 17 10 32
14 18 10 32
14 19 10 32
14 20 10 32
14 21 10 32
14 22 11 32
14 23 11 32
14 24 11 32
14 25 11 32
14 26 11 32
14 27 11 32
14 28 11 19
14 29 11 1
14 30 11 19
14 31 11 32
14 32 11 44
15 1 -1 0
15 2 -1 0
15 3 -1 0
15 4 -1 0
15 5 -1 0
15 6 -1 0
15 7 14 10
15 8 14 32
15 9 14 32
15 10 14 32
15 11 14 32
15 12 15 32
15 13 15 32
15 14 15 32
15 15 15 32
15 16 10 32
15 17 10 32
15 18 10 32
15 19 10 32
15 20 10 32
15 21 10 32
15 22 11 32
15 23 11 30
15 24 11 32
15 25 11 32
15 26 11 32
15 27 11 20
15 28 -1 0
15 29 -1 0
15 30 -1 0
15 31 11 20
15 32 11 42
16 1 -1 0
16 2 -1 0
16 3 -1 0
16 4 -1 0
16 5 -1 0
16 6 -1 0
16 7 14 12
16 8 14 32
16 9 14 32
16 10 14 32
16 11 14 32
16 12 15 32
16 13 15 32
16 14 15 32
16 15 15 32
16 16 10 32
16 17 10 32
16 18 10 32
16 19 10 32
16 20 10 32
16 21 10 32
16 22 11 28
16 23 11 3
16 24 11 4
16 25 11 6
16 26 11 7
16 27 11 1
16 28 -1 0
16 29 -1 0
16 30 -1 0
16 31 11 1
16 32 11 17
17 1 -1 0
17 2 -1 0
17 3 -1 0
17 4 -1 0
17 5 -1 0
17 6 -1 0
17 7 14 13
17 8 14 32
17 9 14 32
17 10 14 32
17 11 14 32
17 12 15 32
17 13 15 32
17 14 15 32
17 15 15 32
17 16 10 32
17 17 10 32
17 18 10 32
17 19 10 32
17 20 10 32
17 21 10 32
17 22 11 28
17 23 11 4
17 24 -1 0
17 25 -1 0
17 26 -1 0
17 27 -1 0
17 28 -1 0
17 29 -1 0
17 30 -1 0
17 31 -1 0
17 32 -1 0
18 1 -1 0
18 2 -1 0
18 3 -1 0
18 4 -1 0
18 5 -1 0
18 6 -1 0
18 7 14 16
18 8 14 32
18 9 14 32
18 10 14 32
18 11 14 32
18 12 14 32
18 13 3 32
18 14 3 32
18 15 3 32
18 16 3 32
18 17 3 32
18 18 3 32
18 19 3 32
18 20 3 32
18 21 3 32
18 22 2 32
18 23 2 31
18 24 2 20
18 25 2 1
18 26 -1 0
18 27 -1 0
18 28 -1 0
18 29 -1 0
18 30 -1 0
18 31 -1 0
18 32 -1 0
19 1 -1 0
19 2 -1 0
19 3 -1 0
19 4 -1 0
19 5 -1 0
19 6 -1 0
19 7 14 7
19 8 14 30
19 9 14 32
19 10 14 32
19 11 14 32
19 12 14 32
19 13 3 32
19 14 3 32
19 15 3 32
19 16 3 32
19 17 3 32
19 18 3 32
19 19 3 32
19 20 3 32
19 21 3 32
19 22 2 32
19 23 2 32
19 24 2 32
19 25 2 10
19 26 -1 0
19 27 -1 0
19 28 -1 0
19 29 -1 0
19 30 2 3
19 31 2 13
19 32 2 42
20 1 -1 0
20 2 -1 0
20 3 -1 0
20 4 -1 0
20 5 4 4
20 6 4 24
20 7 4 31
20 8 5 32
20 9 5 32
20 10 5 32
20 11 5 32
20 12 5 32
20 13 3 32
20 14 3 32
20 15 3 32
20 16 3 32
20 17 3 32
20 18 3 32
20 19 3 32
20 20 3 32
20 21 3 32
20 22 2 32
20 23 2 32
20 24 2 32
20 25 2 28
20 26 2 12
20 27 2 1
20 28 2 1
20 29 2 21
20 30 2 31
20 31 2 32
20 32 2 91
21 1 -1 0
21 2 -1 0
21 3 -1 0
21 4 -1 0
21 5 4 12
21 6 4 32
21 7 5 32
21 8 5 32
21 9 5 32
21 10 5 32
21 11 5 32
21 12 5 32
21 13 3 32
21 14 3 32
21 15 3 32
21 16 3 32
21 17 3 32
21 18 3 32
21 19 3 32
21 20 3 32
21 21 3 32
21 22 2 32
21 23 2 32
21 24 2 32
21 25 2 32
21 26 2 28
21 27 2 4
21 28 2 9
21 29 2 30
21 30 2 32
21 31 2 32
21 32 2 134
22 1 -1 0
22 2 -1 0
22 3 4 2
22 4 4 13
22 5 4 16
22 6 4 32
22 7 5 32
22 8 5 32
22 9 5 32
22 10 5 32
22 11 5 32
22 12 5 32
22 13 5 32
22 14 5 32
22 15 3 32
22 16 3 32
22 17 3 32
22 18 3 32
22 19 3 32
22 20 3 32
22 21 3 32
22 22 2 32
22 23 2 32
22 24 2 32
22 25 2 32
22 26 2 22
22 27 -1 0
22 28 2 2
22 29 2 23
22 30 2 32
22 31 2 32
22 32 2 155
23 1 -1 0
23 2 -1 0
23 3 4 21
23 4 4 32
23 5 4 32
23 6 4 32
23 7 5 32
23 8 5 32
23 9 5 32
23 10 5 32
23 11 5 32
23 12 5 32
23 13 5 32
23 14 5 32
23 15 3 32
23 16 3 32
23 17 3 32
23 18 3 32
23 19 3 32
23 20 3 32
23 21 3 32
23 22 1 32
23 23 1 32
23 24 1 32
23 25 1 32
23 26 1 30
23 27 1 18
23 28 1 17
23 29 2 24
23 30 2 32
23 31 2 32
23 32 2 170
24 1 -1 0
24 2 4 3
24 3 4 18
24 4 4 32
24 5 4 32
24 6 4 32
24 7 4 32
24 8 5 32
24 9 5 32
24 10 5 32
24 11 5 32
24 12 5 32
24 13 5 32
24 14 5 32
24 15 5 32
24 16 0 32
24 17 0 32
24 18 0 32
24 19 0 32
24 20 0 32
24 21 0 32
24 22 0 32
24 23 1 32
24 24 1 32
24 25 1 32
24 26 1 31
24 27 1 4
24 28 1 13
24 29 1 29
24 30 1 32
24 31 1 32
24 32 1 185
25 1 -1 0
25 2 4 22
25 3 4 32
25 4 4 32
25 5 4 32
25 6 4 32
25 7 4 32
25 8 5 32
25 9 5 32
25 10 5 32
25 11 5 32
25 12 5 32
25 13 5 32
25 14 5 32
25 15 5 32
25 16 0 32
25 17 0 32
25 18 0 32
25 19 0 32
25 20 0 32
25 21 0 32
25 22 0 32
25 23 1 32
25 24 1 29
25 25 1 19
25 26 1 8
25 27 -1 0
25 28 1 11
25 29 1 32
25 30 1 32
25 31 1 32
25 32 1 212
26 1 4 5
26 2 4 29
26 3 4 32
26 4 4 32
26 5 4 32
26 6 4 32
26 7 4 32
26 8 5 32
26 9 5 32
26 10 5 32
26 11 5 32
26 12 5 32
26 13 5 32
26 14 5 32
26 15 5 32
26 16 0 32
26 17 0 32
26 18 0 32
26 19 0 32
26 20 0 32
26 21 0 32
26 22 0 32
26 23 1 32
26 24 1 13
26 25 -1 0
26 26 -1 0
26 27 -1 0
26 28 1 1
26 29 1 7
26 30 1 10
26 31 1 28
26 32 1 232
27 1 4 23
27 2 4 32
27 3 4 32
27 4 4 32
27 5 4 32
27 6 4 32
27 7 4 32
27 8 6 32
27 9 7 32
27 10 7 32
27 11 7 32
27 12 7 32
27 13 7 32
27 14 7 32
27 15 0 32
27 16 0 32
27 17 0 32
27 18 0 32
27 19 0 32
27 20 0 32
27 21 0 32
27 22 0 30
27 23 1 13
27 24 -1 0
27 25 -1 0
27 26 -1 0
27 27 -1 0
27 28 -1 0
27 29 -1 0
27 30 -1 0
27 31 -1 0
27 32 1 146
28 1 4 30
28 2 4 32
28 3 4 32
28 4 6 32
28 5 6 32
28 6 6 32
28 7 6 32
28 8 6 32
28 9 7 32
28 10 7 32
28 11 7 32
28 12 7 32
28 13 7 32
28 14 7 32
28 15 7 32
28 16 0 32
28 17 0 32
28 18 0 32
28 19 0 32
28 20 0 32
28 21 0 32
28 22 0 15
28 23 -1 0
28 24 -1 0
28 25 -1 0
28 26 -1 0
28 27 -1 0
28 28 -1 0
28 29 -1 0
28 30 -1 0
28 31 -1 0
28 32 1 83
29 1 4 13
29 2 4 32
29 3 4 32
29 4 6 32
29 5 6 32
29 6 6 32
29 7 6 32
29 8 6 32
29 9 6 32
29 10 7 32
29 11 7 32
29 12 7 32
29 13 7 32
29 14 7 32
29 15 7 32
29 16 0 32
29 17 0 32
29 18 0 32
29 19 0 32
29 20 0 31
29 21 0 15
29 22 0 1
29 23 -1 0
29 24 -1 0
29 25 -1 0
29 26 -1 0
29 27 -1 0
29 28 -1 0
29 29 -1 0
29 30 -1 0
29 31 -1 0
29 32 0 53
30 1 4 3
30 2 4 32
30 3 4 32
30 4 6 32
30 5 6 32
30 6 6 32
30 7 6 32
30 8 6 32
30 9 6 32
30 10 7 32
30 11 7 32
30 12 7 32
30 13 7 32
30 14 7 32
30 15 7 32
30 16 0 32
30 17 0 32
30 18 0 32
30 19 0 22
30 20 0 3
30 21 -1 0
30 22 -1 0
30 23 -1 0
30 24 -1 0
30 25 -1 0
30 26 -1 0
30 27 -1 0
30 28 -1 0
30 29 -1 0
30 30 -1 0
30 31 -1 0
30 32 0 16
31 1 4 15
31 2 4 32
31 3 4 32
31 4 6 32
31 5 6 32
31 6 6 32
31 7 6 32
31 8 6 32
31 9 6 32
31 10 7 32
31 11 7 32
31 12 7 32
31 13 7 32
31 14 7 32
31 15 7 32
31 16 0 32
31 17 0 21
31 18 0 4
31 19 -1 0
31 20 -1 0
31 21 -1 0
31 22 -1 0
31 23 -1 0
31 24 -1 0
31 25 -1 0
31 26 -1 0
31 27 -1 0
31 28 -1 0
31 29 -1 0
31 30 -1 0
31 31 -1 0
31 32 -1 0
32 1 4 38
32 2 4 78
32 3 4 110
32 4 6 129
32 5 6 139
32 6 6 148
32 7 6 148
32 8 6 143
32 9 6 139
32 10 7 133
32 11 7 128
32 12 7 115
32 13 7 94
32 14 7 63
32 15 7 30
32 16 0 8
32 17 -1 0
32 18 -1 0
32 19 -1 0
32 20 -1 0
32 21 -1 0
32 22 -1 0
32 23 -1 0
32 24 -1 0
32 25 -1 0
32 26 -1 0
32 27 -1 0
32 28 -1 0
32 29 -1 0
32 30 -1 0
32 31 -1 0
32 32 -1 0
