 Temperature mask.(nx, ny, nz) = (25, 25, 1)
111111111111111111111111
111111111111111111111111
110000000000000000000011
110000000000000000000011
110000000000000000000011
110000000000000000000011
110000000000000000000011
110000000000000000000011
110000000000000000000011
110000000000000000000011
110000000000000000000011
110000000000000000000011
110000000000000000000011
110000000000000000000011
110000000000000000000011
110000000000000000000011
110000000000000000000011
110000000000000000000011
110000000000000000000011
110000000000000000000011
110000000000000000000011
110000000000000000000011
111111111111111111111111
111111111111111111111111

