 Temperature mask.(nx, ny, nz) = (68, 68, 1)
11111111111111111111111111111111111111111111111111111111111111111111
11111111111111111111111111111111111111111111111111111111111111111111
11000000000000000000000000000000000000000000000000000000000000000011
11000000000000000000000000000000000000000000000000000000000000000011
11000111111100000000000000000000000000000000000000000000000000000011
11000000111111110000000000000000000000000000000000000000000000000011
11000000000001111111000000000000000000000000000000000000000000000011
11000000000000000011111110000000000000000000000000000000000000000011
11000000000000000000000111111110000000000000000000000000000000000011
11000000000000000000000000011111111000000000000000000000000000000011
11000000000000000000000000000001111111000000000000000000000000000011
11000000000000000000000000000000000011111111000000000000000000000011
11000000000000000000000000000000000011111111000000000000000000000011
11000000000000000000000000000000000011111111000000000000000000000011
11000000000000000000000000000000000011111111000000000000000000000011
11000000000000000000000000000000000011111111000000000000000000000011
11000000000000000000000000000001111111000000000000000000000000000011
11000000000000000000000000000001111111000000000000000000000000000011
11000000000000000000000000000001111111000000000000000000000000000011
11000000000000000000000000000001111111000000000000000000000000000011
11000000000000000000000000000001111000000000000000000000000000000011
11000000000000000000000000000001111000000000000000000000000000000011
11000000000000000000000000000001111000000000000000000000000000000011
11000000000000000000000000000001100000000000000000000000000000000011
11000000000000000000000000000001100000000000000000000000000000000011
11000000000000000000000000000001100000000000000000000000000000000011
11000000000000000000000000000001100000000000000000000000000000000011
11000000000000000000000000000001100000000000000000000000000000000011
11000000000000000000000000000001000000000000000000000000000000000011
11000000000000000000000000000000000000000000000000000000000000000011
11000000000000000000000000000000000000000000000000000000000000000011
11000000000000000000000000000000000000000000000000000000000000000011
11000000000000000000000000000000000000000000000000000000000000000011
11000000000000000000000000000000000000000000000000000000000000000011
11000000000000000000000000000000000000000000000000000000000000000011
11000000000000000000000000000000000000000000000000000000000000000011
11000000000000000000000000000000000000000000000000000000000000000011
11000000000000000000000000000000000000000000000000000000000000000011
11000000000000000000000000000000000000000000000000000000000000000011
11000000000000000000000000000000000000000000000000000000000000000011
11000000000000000000000000000000000000000000000000000000000000000011
11000000000000000000000000000000000000000000000000000000000000000011
11000000000000000000000000000000000000000000000000000000000000000011
11000000000000000000000000000000000000000000000000000000000000000011
11000000000000000000000000000000000000000000000000000000000000000011
11000000000000000000000000000000000000000000000000000000000000000011
11000000000000000000000000000000000000000000000000000000000000000011
11000000000000000000000000000000000000000000000000000000000000000011
11000000000000000000000000000000000000000000000000000000000000000011
11000000000000000000000000000000000000000000000000000000000000000011
11000000000000000000000000000000000000000000000000000000000000000011
11000000000000000000000000000000000000000000000000000000000000000011
11000000000000000000000000000000000000000000000000000000000000000011
11000000000000000000000000000000000000000000000000000000000000000011
11000000000000000000000000000000000000000000000000000000000000000011
11000000000000000000000000000000000000000000000000000000000000000011
11000000000000000000000000000000000000000000000000000000000000000011
11000000000000000000000000000000000000000000000000000000000000000011
11000000000000000000000000000000000000000000000000000000000000000011
11000000000000000000000000000000000000000000000000000000000000000011
11000000000000000000000000000000000000000000000000000000000000000011
11000000000000000000000000000000000000000000000000000000000000000011
11000000000000000000000000000000000000000000000000000000000000000011
11000000000000000000000000000000000000000000000000000000000000000011
11000000000000000000000000000000000000000000000000000000000000000011
11000000000000000000000000000000000000000000000000000000000000000011
11111111111111111111111111111111111111111111111111111111111111111111
11111111111111111111111111111111111111111111111111111111111111111111
