999999999999999999999999999999999999999999999999999 
990000000000000000000000000000000000000000000000009 
990000000000000000000000000000000000000000000000009 
991110000000000000000000000000000000000000000000009 
991111000000000000000000000000000000000000000000009 
991111000000000000000000000000000000000000000000009 
991111110000000000000000000000000000000000000000009 
991111110000000000000000000000000000000000000000009 
991111110000000000000000000000000000000000000000009 
991111111000000000000000000000000000000000000000009 
991111111100000000000000000000000000000000000000009 
991111111110000000000000000000000000000000000000009 
991111111110000000000000000000000000000000000000009 
991111111111000000000000000000000000000000000000009 
991111111111100000000000000000000000000000000000009 
991111111111100000000000000000000000000000000000009 
991111111111100000000000000000000000000000000000009 
991111111111000000000000000000000000000000000000009 
991111111111000000000000000000000000000000000000009 
991111111111000000000000000000000000000000000000009 
991111111111100000000000000000000000000000000000009 
991111111111100000000000000000000000000000000000009 
991111111111110000000000000000000000000000000000009 
991111111111110000000000000000000000000000000000009 
991111111111111000000000000000000000000000000000009 
991111111111111100000000000000000000000000000000009 
991111111111111110000000000000000000000000000000009 
991111111111111111100000000000000000000000000000009 
991111111111111111111000000000000000000000000000009 
991111111111111111111110000000000000000000000000009 
991111111111111111111111110000000000000000000000009 
991111111111111111111111111100000000000000000000009 
991111111111111111111111111111100000000000000000009 
991111111111111111111111111111111111110000000000009 
991111111111111111111111111111111111111111000000009 
991111111111111111111111111111111111111111111111009 
991111111111111111111111111111111111111111111111119 
991111111111111111111111111111111111111111111111119 
991111111111111111111111111111111111111111111111119 
991111111111111111111111111111111111111111111111119 
991111111111111111111111111111111111111111111111119 
999999999999999999999999999999999999999999999999999 
999999999999999999999999999999999999999999999999999 
