999999999999999999999999999999999999999999999999999 
991111111111111111111111100000000000000000000000009 
991111111111111111111111100000000000000000000000009 
991111111111111111111111100000000000000000000000009 
991111111111111111111111100000000000000000000000009 
991111111111111111111111100000000000000000000000009 
991111111111111111111111000000000000000000000000009 
991111111111111111111111000000000000000000000000009 
991111111111111111111111000000000000000000000000009 
991111111111111111111111000000000000000000000000009 
991111111111111111111111000000000000000000000000009 
991111111111111111111110000000000000000000000000009 
991111111111111111111110000000000000000000000000009 
991111111111111111111111000000000000000000000000009 
991111111111111111111111000000000000000000000000009 
991111111111111111111111000000000000000000000000009 
991111111111111111111110000000000000000000000000009 
991111111111111111111100000000000000000000000000009 
991111111111110000000000000000000000000000000000009 
991111111111110000000000000000000000000000000000009 
991111111111100000000000000000000000000000000000009 
991111111111100000000000000000000000000000000000009 
991111111111000000000000000000000000000000000000009 
991111111110000000000000000000000000000000000000009 
991111111110000000000000000000000000000000000000009 
991111111110000000000000000000000000000000000000009 
991111111100000000000000000000000000000000000000009 
991111111100000000000000000000000000000000000000009 
991111111100000000000000000000000000000000000000009 
991111111100000000000000000000000000000000000000009 
991111111100000000000000000000000000000000000000009 
991111111100000000000000000000000000000000000000009 
991111111100000000000000000000000000000000000000009 
991111111100000000000000000000000000000000000000009 
991111111100000000000000000000000000000000000000009 
991111100000000000000000000000000000000000000000009 
991111100000000000000000000000000000000000000000009 
991110000000000000000000000000000000000000000000009 
991110000000000000000000000000000000000000000000009 
990000000000000000000000000000000000000000000000009 
990000000000000000000000000000000000000000000000009 
990000000000000000000000000000000000000000000000009 
999999999999999999999999999999999999999999999999999 
