999999999999999999999999999999999999999999999999999 
900000000000000000000000000000000000000000000000009 
900000000000000000000000000000000000000000000000009 
900000000000000000000000000000000000000000000000009 
900000000000000000000000000000000000000000000000009 
900000000000000000000000000000000000000000000000009 
900000000000000000000000000000000000000000000000009 
900000000000000000000000000000000000000000000000009 
900000000000000000000000000000000000000000000000009 
900000000000000000000000000000000000000000000000009 
900000000000000000000000000000000000000000000000009 
900000000000000000000000000000000000000000000000009 
900000000000000000000000000000000000000000000000009 
900000000000000000000000000000000000000000000000009 
900000000000000000000000000000000000000000000000009 
900000000000000000000000000000000000000000000000009 
900000000000000000000000000000000000000000000000009 
900000000000000000000000000000000000000000000000009 
900000000000000000000000000000000000000000000000009 
900000000000000000000000000000000000000000000000009 
900000000000000000000000000000000000000000000000009 
900000000000000000000000000000000000000000000000009 
900000000000000000000000000000000000000000000000019 
900000000000000000000000000000000000000000000000119 
900000000000000000000000000000000000000000000011119 
900000000000000000000000000000000000000000001111119 
900000000000000000000000000000000000000000111111119 
900000000000000000000000000000000000000001111111119 
900000000000000000000000000000000000000111111111119 
900000000000000000000000000000000000011111111111119 
900000000000000000000000000000000001111111111111119 
900000000000000000000000000000000111111111111111119 
900000000000000000000000000000000111111111111111119 
900000000000000000000000000000000111111111111111119 
900000000111000000000000000000001111111111111111119 
900000001111111100000000000000001111111111111111119 
911111111111111111100000000001111111111111111111119 
911111111111111111111111111111111111111111111111119 
911111111111111111111111111111111111111111111111119 
911111111111111111111111111111111111111111111111119 
911111111111111111111111111111111111111111111111119 
999999999999999999999999999999999999999999999999999 
999999999999999999999999999999999999999999999999999 
