999999999999999999999999999999999999999999999999999 
900000000000000000000000000000000000000000000000009 
900000000000000000000000000000000000000000000000009 
900000000000000000000000000000000000000000000000009 
900000000000000000000000000000000000000000000000009 
900000000000000000000000000000000000000000000000009 
900000000000000000000000000000000000000000000000009 
900000000000000000000000000000000000000000000000009 
900000000000000000000000000000000000000000000000009 
900000000000000000000000000000000000000000000000009 
900000000000000000000000000000000000000000000000009 
900000000000000000000000000000000000000000000000009 
900000000000000000000000000000000000000000000000009 
900000000000000000000000010000000000000000000000009 
900000000000000000000001111111110000011100000000009 
900000000000000000001111111111111111111111111111119 
900000000000000000111111111111111111111111111111119 
900000000000001111111111111111111111111111111111119 
900000000011111111111111111111111111111111111111119 
900000001111111111111111111111111111111111111111119 
900001111111111111111111111111111111111111111111119 
900011111111111111111111111111111111111111111111119 
901111111111111111111111111111111111111111111111119 
911111111111111111111111111111111111111111111111119 
911111111111111111111111111111111111111111111111119 
911111111111111111111111111111111111111111111111119 
911111111111111111111111111111111111111111111111119 
911111111111111111111111111111111111111111111111119 
911111111111111111111111111111111111111111111111119 
911111111111111111111111111111111111111111111111119 
911111111111111111111111111111111111111111111111119 
911111111111111111111111111111111111111111111111119 
911111111111111111111111111111111111111111111111119 
911111111111111111111111111111111111111111111111119 
911111111111111111111111111111111111111111111111119 
911111111111111111111111111111111111111111111111119 
911111111111111111111111111111111111111111111111119 
911111111111111111111111111111111111111111111111119 
911111111111111111111111111111111111111111111111119 
911111111111111111111111111111111111111111111111119 
911111111111111111111111111111111111111111111111119 
999999999999999999999999999999999999999999999999999 
999999999999999999999999999999999999999999999999999 
