999999999999999999999999999999999999999999999999999 
991111111111111111111111111111111111111111110000009 
991111111111111111111111111111111111111111110000009 
991111111111111111111111111111111111111111111000009 
991111111111111111111111111111111111111111111000009 
991111111111111111111111111111111111111111111100009 
991111111111111111111111111111111111111111111110009 
991111111111111111111111111111111111111111111110009 
991111111111111111111111111111111111111111111110009 
991111111111111111111111111111111111111111111110009 
991111111111111111111111111111111111111111111110009 
991111111111111111111111111111111111111111111110009 
991111111111111111111111111111111111111111111100009 
991111111111111111111111111111111111111111111100009 
991111111111111111111111111111111111111111111000009 
991111111111111111111111111111111111111111111000009 
991111111111111111111111111111111111111111111000009 
991111111111111111111111111111111111111111111000009 
991111111111111111111111111111111111111111111000009 
991111111111111111111111111111111111111111110000009 
991111111111111111111111111111111111111111110000009 
991111111111111111111111111111111111111111000000009 
991111111111111111111111111111111111000000000000009 
991111111111111111111111111111111100000000000000009 
991111111111111111111111111111111000000000000000009 
991111111111111111111111111111110000000000000000009 
991111111111111111111111111111100000000000000000009 
991111111111111111111111111111000000000000000000009 
991111111111111111111111111111000000000000000000009 
991111111111111111111111111110000000000000000000009 
991111111111111111111111111100000000000000000000009 
991111111111111111111111111000000000000000000000009 
991111111111111111111111110000000000000000000000009 
991111111111111111111111100000000000000000000000009 
991111111111111111111111100000000000000000000000009 
991111111111111111111111100000000000000000000000009 
991111111111111111111111100000000000000000000000009 
991111111111111111111111100000000000000000000000009 
991111111111111111111111100000000000000000000000009 
991111111111111111111111100000000000000000000000009 
991111111111111111111111100000000000000000000000009 
991111111111111111111111100000000000000000000000019 
999999999999999999999999999999999999999999999999999 
