222222222222222222222222222222222222222222222222222222222222222222222222222 
222222222222222222222222222222222222222222222222222222222222222222222222222 
221111111111111111111111111111111111111111111111111111111111111111111111122 
221111111111111111111111111111111111111111111111111111111111111111111111122 
221111111111111111111111111111111111111111111111111111111111111111111111122 
221111111111111111111111111111111111111111111111111111111111111111111111122 
221111111111111111111111111111111111111111111111111111111111111111111111122 
221111111111111111111111111111111111111111111111111111111111111111111111122 
221111111111111111111111111111111111111111111111111111111111111111111111122 
221111111111111111111111111111111111111111111111111111111111111111111111122 
221111111111111111111111111111111111111111111111111111111111111111111111122 
221111111111111111111111111111111111111111111111111111111111111111111111122 
221111111111111111111111111111111111111111111111111111111111111111111111122 
221111111111111111111111111111111111111111111111111111111111111111111111122 
221111111111111111111111111111111111111111111111111111111111111111111111122 
221111111111111111111111111111111111111111111111111111111111111111111111122 
221111111111111111111111111111111111111111111111111111111111111111111111122 
221111111111111111111111111111111111111111111111111111111111111111111111122 
221111110000000000000011111111111111111111111111111111111111111111111111122 
220000000000000000000000000111111111111111111111111111111111111111111111122 
220000000000011110000000000111111111111111111111111111111111111111111111122 
220000000000011111110000000111111111111111111111111111111111111111111111122 
220000000000001000111111111111111111111111111111111111111111111111111111122 
220000000000000000000111111111111111111111111111111111111111111111111111122 
220000000000000000000111111111111111111111111111111111111111111111111111122 
220000000000000000001111111111111111111111111111111111111111111111111111122 
220000000000000011001111111111111111111111111111111111111111111111111111122 
220000000000000000000111111111111111111111111111111111111111111111111111122 
220000000000000000000001111111111111111111111111111111111111111111111111122 
220000000000000000000000001111111111111111111111111111111111111111111111122 
220000000000000000000000001111111111111111111111111111111111111111111111122 
220000000000000000000000000011111110000000000001111001111111111111111111122 
220000000000000000000000000000000000000000000000011001111111111111111111122 
220000000000000000000000000000000000001111000000000001111111111111111111122 
220000000000000000000000000000000000000000000000000000111111111111111111122 
220000000000000000000000000000000000000000000000000000011111111111111111122 
220000000000000000000000000000000000000000000000000000011111111111111111122 
220000000000000000000000000000000000000000000000000011111111111111111111122 
220000000000000000000000000000000000000000000000011111111111111111111111122 
220000000000000000000000000000000000000000000000111111111111111111111111122 
220000000000000000000000000000000000000000001111111111111111111111111111122 
220000000000000000000000000000000000000000111111111111111111111111111111122 
220000000000000000000000000000000000000011111111111111111111111111111111122 
220000000000000000000000000000000000000111111111111111111111111111111111122 
220000000000000000000000000000000000001111111111111111111111111111111111122 
220000000000000000000000000000000000111111111111111111111111111111111111122 
220000000000000000000000000000000011111111111111111111111111111111111111122 
220000000000000000000000000000001111111111111111111111111111111111111111122 
220000000000000000000000000000011111111111111111111111111111111111111111122 
220000000000000000000000000000011111111111111111111111111111111111111111122 
220000000000000000000000000000011110000001111111111111111111111111111111122 
220000000000000000000000000000000000000001111111111111111111111111111111122 
220000000000000000000000000000000000000000111111111111111111111111111111122 
220000000000000000000000000000000000000000011111111111111111111111111111122 
220000000000000000000000000000000000000000000111001111111111111111111111122 
220000000000000000000000000000000000000000000000000111111111111111111111122 
220000000000000000000000000000000000000000000000000011111111111111111111122 
220000000000000000000000000000000000000000000000000011111111111111111111122 
220000000000000000000000000000000000000000000000000001111111111111111111122 
220000000000000000000000000000000000000000000000000001111111111111111111122 
220000000000000000000000000000000000000000000000000001111111111111111111122 
220000000000000000000000000000000000000000000000000001111111111111111111122 
220000000000000000000000000000000000000000000000000001111111111111111111122 
220000000000000000000000000000000000000000000000000011111111111111111111122 
220000000000000000000000000000000000000000000000000011111111111111111111122 
220000000000000000000000000000000000000000000000000011111111111111111111022 
220000000000000000000000000000000000000000000000000011111111111111111100022 
220000000000000000000000000000000000000000000000000011111111111111111000022 
220000000000000000000000000000000000000000000000000011111111111111111000022 
220000000000000000000000000000000000000000000000001111111111111111110000022 
220000000000000000000000000000000000000000000000001111111111111111100000022 
220000000000000000000000000000000000000000000000000111111111111111000000022 
220000000000000000000000000000000000000000000000000000111111111100000000022 
220000000000000000000000000000000000000000000000000000011111111000000000022 
220000000000000000000000000000000000000000000000000000000000000000000000022 
220000000000000000000000000000000000000000000000000000000000000000000000022 
220000000000000000000000000000000000000000000000000000000000000000000000022 
220000000000000000000000000000000000000000000000000000000000000000000000022 
220000000000000000000000000000000000000000000000000000000000000000000000022 
220000000000000000000000000000000000000000000000000000000000000000000000022 
220000000000000000000000000000000000000000000000000000000000000000000000022 
220000000000000000000000000000000000000000000000000000000000000000000000022 
220000000000000000000000000000000000000000000000000000000000000000000000022 
222222222222222222222222222222222222222222222222222222222222222222222222222 
