999999999999999999999999999999999999999999999999999 
900000000000000000000000000000000000000000000000009 
900000000000000000000000000000000000000000000000009 
900000000000000000000000000000000000000000000000009 
900000000000000000000000000000000000000000000000009 
900000000000000000000000000000000000000000000000009 
900000000000000000000000000000000000000000000000009 
900000000000000000000000000000000000000000000000009 
900000000000000000000000000000000000000000000000009 
900000000000000000000000000000000000000000000000009 
900000000000000000000000000000000000000000000000009 
900000000000000000000000000000000000000000000000009 
900000000000000000000000000000000000000000000000009 
900000000000000000000000000000000000000000000000009 
900000000000000000000000000000000000000000000000009 
900000000000000000000000000000000000000000000000009 
900000000000000000000000000000000000000000000000009 
900000000000000000000000000000000000000000000000009 
900000000000000000000000000000000000000000000000009 
900000000000000000000000000000000000000000000000009 
900000000000000000000000000000000000000000000000009 
900000000000000000000000000000000000000000000000009 
900000000000000000000000000000000000000000000000009 
900000000000000000000000000000000000000000000000009 
900000000000000000000000000000000000000000000000009 
900000000000000000000000000000000000000000000000009 
900000000000000000000000000000000000000000000000009 
900000000000000000000000000000000000000000000000009 
900000000000000000000000000000000000000000000000009 
900000000000000000000000000000000000000000000000009 
900000000000000000000000000000000000000000000000009 
900000000000000000000000000000000000000000000000009 
900000000000000000000000000000000000000000000000009 
900000000000000000000000000000000000000000000000009 
900000000000000000000000000000000000000000000000009 
900000000000000000000000000000000000000000000000009 
900000000000000000000000000000000000000000000000009 
900000000000000000000000000000000000000000000000009 
900000000000000000000000000000000000000000000000009 
900000000000000000000000000000000000000000000000009 
900000000000000000000000000000000000000000000000009 
900000000000000000000000000000000000000000000000019 
999999999999999999999999999999999999999999999999999 
