999999999999999999999999999999999999999999999999999 
999999999999999999999999999999999999999999999999999 
911111111111111111111111111111111111111111111111119 
911111111111111111111111111111111111111111111111119 
911111111111111111111111111111111111111111111111119 
911111111111111111111111111111111111111111111111119 
911111111111111111111111111111111111111111111111119 
911111111111111111111111111111111111111111111111119 
911111111111111111111111111111111111111111111111119 
911111111111111111111111111111111111111111111111119 
911111111111111111111111111111111111111111111111119 
911111111111111111111111111111111111111111111111119 
911111111111111111111111111111111111111111111111119 
911111111111111111111111111111111111111111111111119 
911111111111111111111111111111111111111111111111119 
911111111111111111111111111111111111111111111111119 
911111111111111111111111111111111111111111111111119 
911111111111111111111111111111111111111111111111119 
911111111111111111111111111111110000000000000011119 
911111111111111111111111000000000000000000000000009 
911111111111111111110000000000000000011110000000009 
911111111111111111110000000000000000011111110000009 
911111111111111111110000000000000000001000111111119 
911111111111111111110000000000000000000000000111119 
911111111111111111110000000000000000000000000111119 
911111111111111111100000000000000000000000001111119 
911111111111111111000000000000000000000011001111119 
911111111110011111000000000000000000000000000111119 
911111111110001110000000000000000000000000000001119 
911111111111000100000000000000000000000000000000009 
911111111111100000000000000000000000000000000000009 
911111111111100000000000000000000000000000000000009 
911111111111110000000000000000000000000000000000009 
911111111111100000000000000000000000000000000000009 
911111111111000000000000000000000000000000000000009 
911111111110000000000000000000000000000000000000009 
911111111100000000000000000000000000000000000000009 
911111111000000000000000000000000000000000000000009 
911100100000000000000000000000000000000000000000009 
911100100000000000000000000000000000000000000000009 
900100000000000000000000000000000000000000000000009 
900000000000000000000000000000000000000000000000009 
910000000000000000000000000000000000000000000000009 
900000000000000000000000000000000000000000000000009 
900000000000000000000000000000000000000000000000009 
999999999999999999999999999999999999999999999999999 
