999999999999999999999999999999999999999999999999999 
900000000000000011111111111111111111111111111111119 
900000000000000111111111111111111111111111111111119 
900000000000011111111111111111111111111111111111119 
900000000001111111111111111111111111111111111111119 
900000000111111111111111111111111111111111111111119 
900000001111111111111111111111111111111111111111119 
900000001111111111111111111111111111111111111111119 
900000001111000000111111111111111111111111111111119 
900000000000000000111111111111111111111111111111119 
900000000000000000011111111111111111111111111111119 
900000000000000000001111111111111111111111111111119 
900000000000000000000011100111111111111111111111119 
900000000000000000000000000011111111111111111111119 
900000000000000000000000000001111111111111111111119 
900000000000000000000000000001111111111111111111119 
900000000000000000000000000000111111111111111111119 
900000000000000000000000000000111111111111111111119 
900000000000000000000000000000111111111111111111119 
900000000000000000000000000000111111111111111111119 
900000000000000000000000000000111111111111111111119 
900000000000000000000000000001111111111111111111119 
900000000000000000000000000001111111111111111111119 
900000000000000000000000000001111111111111111111109 
900000000000000000000000000001111111111111111110009 
900000000000000000000000000001111111111111111100009 
900000000000000000000000000001111111111111111100009 
900000000000000000000000000111111111111111111000009 
900000000000000000000000000111111111111111110000009 
900000000000000000000000000011111111111111100000009 
900000000000000000000000000000011111111110000000009 
900000000000000000000000000000001111111100000000009 
900000000000000000000000000000000000000000000000009 
900000000000000000000000000000000000000000000000009 
900000000000000000000000000000000000000000000000009 
900000000000000000000000000000000000000000000000009 
900000000000000000000000000000000000000000000000009 
900000000000000000000000000000000000000000000000009 
900000000000000000000000000000000000000000000000009 
900000000000000000000000000000000000000000000000009 
900000000000000000000000000000000000000000000000009 
900000000000000000000000000000000000000000000000019 
999999999999999999999999999999999999999999999999999 
