999999999999999999999999999999999999999999999999999 
999999999999999999999999999999999999999999999999999 
911111111111111111111111111111111111111111111111119 
911111111111111111111111111111111111111111111111119 
911111111111111111111111111111111111111111111111119 
911111111111111111111111111111111111111111111111119 
911111111111111111111111111111111111111111111111119 
911111111111111111111111111111111111111111111111119 
911111111111111111111111111111111111111111111111119 
911111111111111111111111111111111111111111111111119 
911111111111111111111111111111111111111111111111119 
911111111111111111111111111111111111111111111111119 
911111111111111111111111111111111111111111111111119 
911111111111111111111111111111111111111111111111119 
911111111111111111111111111111111111111111111111119 
911111111111111111111111111111111111111111111111119 
911111111111111111111111111111111111111111111111119 
911111111111111111111111111111111111111111111111119 
911111111111111111111111111111111111111111111111119 
900011111111111111111111111111111111111111111111119 
900011111111111111111111111111111111111111111111119 
900011111111111111111111111111111111111111111111119 
911111111111111111111111111111111111111111111111119 
911111111111111111111111111111111111111111111111119 
911111111111111111111111111111111111111111111111119 
911111111111111111111111111111111111111111111111119 
911111111111111111111111111111111111111111111111119 
911111111111111111111111111111111111111111111111119 
911111111111111111111111111111111111111111111111119 
900111111111111111111111111111111111111111111111119 
900111111111111111111111111111111111111111111111119 
900001111111000000000000111100111111111111111111119 
900000000000000000000000001100111111111111111111119 
900000000000000111100000000000111111111111111111119 
900000000000000000000000000000011111111111111111119 
900000000000000000000000000000001111111111111111119 
900000000000000000000000000000001111111111111111119 
900000000000000000000000000001111111111111111111119 
900000000000000000000000001111111111111111111111119 
900000000000000000000000011111111111111111111111119 
900000000000000000000111111111111111111111111111119 
900000000000000000011111111111111111111111111111119 
900000000000000001111111111111111111111111111111119 
900000000000000011111111111111111111111111111111119 
900000000000000111111111111111111111111111111111119 
999999999999999999999999999999999999999999999999999 
