333333333333333333333333333333333333333333333333333333333333333333333333333 
333333333333333333333333333333333333333333333333333333333333333333333333333 
330000000000000000000000000000000000000000000000000000000000000000000000033 
330000000000000000000000000000000000000000000000000000000000000000000000033 
330000000000000000000000000000000000000000000000000000000000000000000000033 
330000000000000000000000000000000000000000000000000000000000000000000000033 
330000000000000000000000000000000000000000000000000000000000000000000000033 
330000000000000000000000000000000000000000000000000000000000000000000000033 
330000000000000000000000000000000000000000000000000000000000000000000000033 
330000000000000000000000000000000000000000000000000000000000000000000000033 
330000000000000000000000000000000000000000000000000000000000000000000000033 
330000000000000000000000000000000000000000000000000000000000000000000000033 
330000000000000000000000000000000000000000000000000000000000000000000000033 
330000000000000000000000000000000000000000000000000000000000000000000000033 
330000000000000000000000000000000000000000000000000000000000000000000000033 
330000000000000000000000000000000000000000000000000000000000000000000000033 
330000000000000000000000000000000000000000000000000000000000000000000000033 
330000000000000000000000000000000000000000000000000000000000000000000000033 
330000000000000000000000000000000000000000000000000000000000000000000000033 
330000000000000000000000000000000000000000000000000000000000000000000000033 
330000000000000000000000000000000000000000000000000000000000000000000000033 
330000000000000000000000000000000000000000000000000000000000000000000000033 
330000000000000000000000000000000000000000000000000000000000000000000000033 
330000000000000000000000000000000000000000000000000000000000000000000000033 
330000000000000000000000000000000000000000000000000000000000000000000000033 
330000000000000000000000000000000000000000000000000000000000000000000000033 
330000000000000000000000000000000000000000000000000000000000000000000000033 
330000000000000000000000000000000000000000000000000000000000000000000000033 
330000000000000000000000000000000000000000000000000000000000000000000000033 
330000000000000000000000000000000000000000000000000000000000000000000000033 
330000000000000000000000000000000000000000000000000000000000000000000000033 
330000000000000000000000000000000000000000000000000000000000000000000000033 
330000000000000000000000000000000000000000000000000000000000000000000000033 
330000000000000000000000000000000000000000000000000000000000000000000000033 
330000000000000000000000000000000000000000000000000000000000000000000000033 
330000000000000000000000000000000000000000000000000000000000000000000000033 
330000000000000000000000000000000000000000000000000000000000000000000000033 
330000000000000000000000000000000000000000000000000000000000000000000000033 
330000000000000000000000000000000000000000000000000000000000000000000000033 
330000000000000000000000000000000000000000000000000000000000000000000000033 
330000000000000000000000000000000000000000000000000000000000000000000000033 
330000000000000000000000000000000000000000000000000000000000000000000000033 
330000000000000000000000000000000000000000000000000000000000000000000000033 
330000000000000000000000000000000000000000000000000000000000000000000000033 
330000000000000000000000000000000000000000000000000000000000000000000000033 
330000000000000000000000000000000000000000000000000000000000000000000000033 
330000000000000000000000000000000000000000000000000000000000000000000000033 
330000000000000000000000000000000000000000000000000000000000000000000000033 
330000000000000000000000000000000000000000000000000000000000000000000000033 
330000000000000000000000000000000000000000000000000000000000000000000000033 
330000000000000000000000000000000000000000000000000000000000000000000000033 
330000000000000000000000000000000000000000000000000000000000000000000000033 
330000000110000000000000000000000000000000000000000000000000000000000000033 
330000001111100000000000000000000000000000000000000000000000000000000000033 
330000011111000000000000000000000000000000000000000000000000000000000000033 
331111111111000000000000000000000000000000000000000000000000000000000000033 
331111111111000000000000000000000000000000000000000000000000000000000000033 
331111111111100000000000000000000000000000000000000000000000000000000000033 
331111111111110000000000000000000000000000000000000000000000000000000000033 
331111111111110000000000000000000000000000000000000000000000000000000000033 
331111111111111000000000000000000000000000000000000000000000000000000000033 
331111111111111110000000000111100000000000000000000000000000000000000000033 
331111111111111111100000011111110000000000000000000000000000000000000000033 
331111111111111111111111111111110000000000000000000000000000000000000000033 
331111111111111111111111111111111000000000000000000000000000000000000000033 
331111111111111111111111111111110000000000000000000000000000000000000000033 
331111111111111111111111111111110000000000000000000000000000000000000000033 
331111111111111111111111111111111000000000000000000000000000000000000000033 
331111111111111111111111111111111100000000000000000000000000000000000000033 
331111111111111111111111111111111100000000000000000000000000000000000000033 
331111111111111111111111111111111111000000111110000000000000000000000000033 
331111111111111111111111111111111111100000111111100000000000000000000000033 
331111111111111111111111111111111111110011111111110000000000000000000000033 
331111111111111111111111111111111111111111111111110000000000000000000000033 
331111111111111111111111111111111111111111111111111000000000000000000000033 
331111111111111111111111111111111111111111111111111111110000000000000000033 
331111111111111111111111111111111111111111111111111111111100000111000000033 
331111111111111111111111111111111111111111111111111111111111001111000000033 
331111111111111111111111111111111111111111111111111111111111111111100000033 
331111111111111111111111111111111111111111111111111111111111111111111000033 
331111111111111111111111111111111111111111111111111111111111111111111111133 
333333333333333333333333333333333333333333333333333333333333333333333333333 
333333333333333333333333333333333333333333333333333333333333333333333333333 
