4444444444444444444444444444444444444444444444444444444444444444444444444444 
4444444444444444444444444444444444444444444444444444444444444444444444444444 
4400000000000000000001111111111111111111111111111111111111111111111111111144 
4400000000000000000000111111111111111111111111111111111111111111111111111144 
4400000000000000000000011111111111111111111111111111111111111111111111111144 
4400000000000000000000000111111111111111111111111111111111111111111111111144 
4400000000000000000000000011111111111111111111111111111111111111111111111144 
4400000000000000000000000001111111111111111111111111111111111111111111111144 
4400000000000000000000000000111111111111111111111111111111111111111111111144 
4400000000000000000000000000011111111111111111111111111111111111111111111144 
4400000000000000000000000000001111111111111111111111111111111111111111111144 
4400000000000000000000000000001111111111111111111111111111111111111111111144 
4400000000000000000000000000000111111111111111111111111111111111111111111144 
4400000000000000000000000000000001111111111111111111111111111111111111111144 
4400000000000000000000000000000001111111111111111111111111111111111111111144 
4400000000000000000000000000000000011111111111111111111111111111111111111144 
4400000000000000000000000000000000001111111111111111111111111111111111111144 
4400000000000000000000000000000000000111111111111111111111111111111111111144 
4400000000000000000000000000000000000111111111111111111111111111111111111144 
4400000000000000000000000000000000000000111111111111111111111111111111111144 
4400000000000000000000000000000000000000001111111111111111111111111111111144 
4400000000000000000000000000000000000000000011111111111111111111111111111144 
4400000000000000000000000000000000000000000011111111111111111111111111111144 
4400000000000000000000000000000000000000000001111111111111111111111111111144 
4400000000000000000000000000000000000000000001111111111111111111111111111144 
4400000000000000000000000000000000000000000000001111111111111111111111111144 
4400000000000000000000000000000000000000000000000011111111111111111111111144 
4400000000000000000000000000000000000000000000000000000011111111111111111144 
4400000000000000000000000000000000000000000000000000000001111111111111111144 
4400000000000000000000000000000000000000000000000000000000001111111111111144 
4400000000000000000000000000000000000000000000000000000000001111111111111144 
4400000000000000000000000000000000000000000000000000000000000111111111111144 
4400000000000000000000000000000000000000000000000000000000000111111111111144 
4400000000000000000000000000000000000000000000000000000000000011111111111144 
4400000000000000000000000000000000000000000000000000000000000000011111111144 
4400000000000000000000000000000000000000000000000000000000000000000011111144 
4400000000000000000000000000000000000000000000000000000000000000000011111144 
4400000000000000000000000000000000000000000000000000000000000000000001111144 
4400000000000000000000000000000000000000000000000000000000000000000001111144 
4400000000000000000000000000000000000000000000000000000000000000000001111144 
4400000000000000000000000000000000000000000000000000000000000000000001111144 
4400000000000000000000000000000000000000000000000000000000000000000000111144 
4400000000000000000000000000000000000000000000000000000000000000000000111144 
4400000000000000000000000000000000000000000000000000000000000000000000111144 
4400000000000000000000000000000000000000000000000000000000000000000000011144 
4400000000000000000000000000000000000000000000000000000000000000000000011144 
4400000000000000000000000000000000000000000000000000000000000000000000001144 
4400000000000000000000000000000000000000000000000000000000000000000000001144 
4400000000000000000000000000000000000000000000000000000000000000000000001144 
4400000000000000000000000000000000000000000000000000000000000000000000001144 
4400000000000000000000000000000000000000000000000000000000000000000000000144 
4400000000000000000000000000000000000000000000000000000000000000000000000144 
4400000000000000000000000000000000000000000000000000000000000000000000000144 
4400000000000000000000000000000000000000000000000000000000000000000000000044 
4400000000000000000000000000000000000000000000000000000000000000000000000044 
4400000000000000000000000000000000000000000000000000000000000000000000000044 
4400000000000000000000000000000000000000000000000000000000000000000000000044 
4400000000000000000000000000000000000000000000000000000000000000000000000044 
4400000000000000000000000000000000000000000000000000000000000000000000000044 
4400000000000000000000000000000000000000000000000000000000000000000000000044 
4400000000000000000000000000000000000000000000000000000000000000000000000044 
4400000000000000000000000000000000000000000000000000000000000000000000000144 
4400000000000000000000000000000000000000000000000000000000000000000000000144 
4400000000000000000000000000000000000000000000000000000000000000000000011144 
4400000000000000000000000000000000000000000000000000000000000000000000111144 
4400000000000000000000000000000000000000000000000000000000000000000000111144 
4400000000000000000000000000000000000000000000000000000000000000000000111144 
4400000000000000000000000000000000000000000000000000000000000000000001111144 
4400000000000000000000000000000000000000000000000000000000000000000011111144 
4400000000000000000000000000000000000000000000000000000000000000000111111144 
4400000000000000000000000000000000000000000000000000000000000000011111111144 
4400000000000000000000000000000000000000000000000000000000000000111111111144 
4400000000000000000000000000000000000000000000000000000000000011111111111144 
4400000000000000000000000000000000000000000000000000000000000111111111111144 
4400000000000000000000000000000000000000000000000000000011111111111111111144 
4400000000000000000000000000000000000000000000000000000111111111111111111144 
4400000000000000000000000000000000000000000000000000001111111111111111111144 
4400000000000000000001100011110000000000000000000000111111111111111111111144 
4400000000000000011111111111110000000000000000011111111111111111111111111144 
4400000000000011111111111111111111110000000000111111111111111111111111111144 
4411100000011111111111111111111111111111000011111111111111111111111111111144 
4444444444444444444444444444444444444444444444444444444444444444444444444444 
4444444444444444444444444444444444444444444444444444444444444444444444444444 
