999999999999999999999999999999999999999999999999999 
900000000000000000000000000000000000000000000000009 
900000000000000000000000000000000000000000000000009 
900000000000000000000000000000000000000000000000009 
900000000000000000000000000000000000000000000000009 
900000000000000000000000000000000000000000000000009 
900000000000000000000000000000000000000000000000009 
900000000000000000000000000000000000000000000000009 
900000000000000000000000000000000000000000000000009 
900000000000000000000000000000000000000000000000009 
900000000000000000000000000000000000000000000000009 
900000000000000000000000000000000000000000000000009 
900000000000000000000000000000000000000000000000009 
900000000000000000000000000000000000000000000000009 
900000000000000000000000000000000000000000000000009 
900000000000000000000000000000000000000000000000009 
900000000000000000000000000000000000000000000000009 
900000000000000000000000000000000000000000000000009 
900000000000000000000000000000000000000000000000009 
900000000000000000000000000000000000000000000000009 
900000000000000000000000000000000000000000000000009 
900000000000000000000000000000000000000000000000009 
900000000000000000000000000000000000000000000000009 
900000000000000000000000000000000000000000000000009 
900000000000000000000000000000000000000000000000009 
900000000000000000000000000000000000000000000000009 
900000000000000000000000000000000000000000000000009 
900000000000000000000000000000000000000000000000009 
900000000000000000000000000000000000000000000000009 
900000000000000000000000000000000000000000000000009 
900000000000000000000000000000000000000000000000009 
911000000000000000000000000000000000000000000000009 
911100000000000000000000000000000000000000000000009 
911100000000000000000000000000000000000000000000009 
911110000000000000000000000000000000000000000000009 
911111111100000000000000000000000000000000000000009 
911111111111000001110000000000000000000000000000009 
911111111111110011110000000000000000000000000011009 
911111111111111111111000000000000000000000111111119 
911111111111111111111110000000000000000111111111119 
911111111111111111111111111111000000111111111111119 
999999999999999999999999999999999999999999999999999 
999999999999999999999999999999999999999999999999999 
