999999999999999999999999999999999999999999999999999 
900000000000000000000000000000000000000000000011199 
900000000000000000000000000000000000000000000001119 
900000000000000000000000000000000000000000000000119 
900000000000000000000000000000000000000000000000009 
900000000000000000000000000000000000000000000000009 
900000000000000000000000000000000000000000000000009 
900000000000000000000000000000000000000000000000009 
900000000000000000000000000000000000000000000000009 
900000000000000000000000000000000000000000000000009 
900000000000000000000000000000000000000000000000009 
900000000000000000000000000000000000000000000000009 
900000000000000000000000000000000000000000000000009 
900000000000000000000000000000000000000000000000009 
900000000000000000000000000000000000000000000000009 
900000000000000000000000000000000000000000000000009 
900000000000000000000000000000000000000000000000009 
900000000000000000000000000000000000000000000000009 
900000000000000000000000000000000000000000000000009 
900000000000000000000000000000000000000000000000009 
900000000000000000000000000000000000000000000000009 
900000000000000000000000000000000000000000000000009 
900000000000000000000000000000000000000000000000009 
900000000000000000000000000000000000000000000000009 
900000000000000000000000000000000000000000000000009 
900000000000000000000000000000000000000000000000009 
900000000000000000000000000000000000000000000000009 
900000000000000000000000000000000000000000000000009 
900000000000000000000000000000000000000000000000009 
900000000000000000000000000000000000000000000000009 
900000000000000000000000000000000000000000000000009 
900000000000000000000000000000000000000000000000009 
900000000000000000000000000000000000000000000000009 
900000000000000000000000000000000000000000000000009 
900000000000000000000000000000000000000000000000009 
900000000000000000000000000000000000000000000000009 
900000000000000000000000000000000000000000000000009 
900000000000000000000000000000000000000000000000009 
900000000000000000000000000000000000000000000000009 
900000000000000000000000000000000000000000000000009 
900000000000000000000000000000000000000000000000009 
900000000000000000000000000000000000000000000000009 
999999999999999999999999999999999999999999999999999 
