999999999999999999999999999999999999999999999999999999 
900000000000000000000000000000000000000000000000111199 
900000000000000000000000000000000000000000000000111199 
900000000000000000000000000000000000000000000000111199 
900000000000000000000000000000000000000000000000011199 
900000000000000000000000000000000000000000000000011199 
900000000000000000000000000000000000000000000000001199 
900000000000000000000000000000000000000000000000001199 
900000000000000000000000000000000000000000000000001199 
900000000000000000000000000000000000000000000000001199 
900000000000000000000000000000000000000000000000000199 
900000000000000000000000000000000000000000000000000199 
900000000000000000000000000000000000000000000000000199 
900000000000000000000000000000000000000000000000000099 
900000000000000000000000000000000000000000000000000099 
900000000000000000000000000000000000000000000000000099 
900000000000000000000000000000000000000000000000000099 
900000000000000000000000000000000000000000000000000099 
900000000000000000000000000000000000000000000000000099 
900000000000000000000000000000000000000000000000000099 
900000000000000000000000000000000000000000000000000099 
900000000000000000000000000000000000000000000000000199 
900000000000000000000000000000000000000000000000000199 
900000000000000000000000000000000000000000000000011199 
900000000000000000000000000000000000000000000000111199 
900000000000000000000000000000000000000000000000111199 
900000000000000000000000000000000000000000000000111199 
900000000000000000000000000000000000000000000001111199 
900000000000000000000000000000000000000000000011111199 
900000000000000000000000000000000000000000000111111199 
900000000000000000000000000000000000000000011111111199 
900000000000000000000000000000000000000000111111111199 
900000000000000000000000000000000000000011111111111199 
900000000000000000000000000000000000000111111111111199 
900000000000000000000000000000000011111111111111111199 
900000000000000000000000000000000111111111111111111199 
900000000000000000000000000000001111111111111111111199 
900011110000000000000000000000111111111111111111111199 
911111110000000000000000011111111111111111111111111199 
911111111111110000000000111111111111111111111111111199 
911111111111111111000011111111111111111111111111111199 
999999999999999999999999999999999999999999999999999999 
999999999999999999999999999999999999999999999999999999 
