999999999999999999999999999999999999999999999999999999 
909999999999999999999999999999999999999999999999999999 
911111111111111111111111111111111111111111111111111199 
911111111111111111111111111111111111111111111111111199 
900111111111111111111111111111111111111111111111111199 
900011111111111111111111111111111111111111111111111199 
900001111111111111111111111111111111111111111111111199 
900000111111111111111111111111111111111111111111111199 
900000011111111111111111111111111111111111111111111199 
900000001111111111111111111111111111111111111111111199 
900000001111111111111111111111111111111111111111111199 
900000000111111111111111111111111111111111111111111199 
900000000001111111111111111111111111111111111111111199 
900000000001111111111111111111111111111111111111111199 
900000000000011111111111111111111111111111111111111199 
900000000000001111111111111111111111111111111111111199 
900000000000000111111111111111111111111111111111111199 
900000000000000111111111111111111111111111111111111199 
900000000000000000111111111111111111111111111111111199 
900000000000000000001111111111111111111111111111111199 
900000000000000000000011111111111111111111111111111199 
900000000000000000000011111111111111111111111111111199 
900000000000000000000001111111111111111111111111111199 
900000000000000000000001111111111111111111111111111199 
900000000000000000000000001111111111111111111111111199 
900000000000000000000000000011111111111111111111111199 
900000000000000000000000000000000011111111111111111199 
900000000000000000000000000000000001111111111111111199 
900000000000000000000000000000000000001111111111111199 
900000000000000000000000000000000000001111111111111199 
900000000000000000000000000000000000000111111111111199 
900000000000000000000000000000000000000111111111111199 
900000000000000000000000000000000000000011111111111199 
900000000000000000000000000000000000000000011111111199 
900000000000000000000000000000000000000000000011111199 
900000000000000000000000000000000000000000000011111199 
900000000000000000000000000000000000000000000001111199 
900000000000000000000000000000000000000000000001111199 
900000000000000000000000000000000000000000000001111199 
900000000000000000000000000000000000000000000001111199 
900000000000000000000000000000000000000000000000111199 
900000000000000000000000000000000000000000000000111199 
999999999999999999999999999999999999999999999999999999 
