999999999999999999999999999999999999999999999999999 
911111111111100000000000000000000000000000000000009 
911111111111110000000000000000000000000000000000009 
911111111111110000000000000000000000000000000000009 
911111111111111000000000000000000000000000000000009 
911111111111111100000000000100000111111000000000009 
911111111111111111000000000100001111111111100001119 
911111111111111111110000001111001111111111110001119 
911111111111111111111100001111111111111100000001119 
911111111111111111111111111111111111111100000000019 
911111111111111111111111111111111111111000000000019 
911111111111111111111111111111111111111000001111119 
911111111111111111111111111111111111111000011111119 
911111111111111111111111111111111111111100001111119 
911111111111111111110000011111111111111100000000019 
911111111111111111100000000111111111111000000000009 
911111111111111111100000000111100000000000000000009 
911111111111111111000000000000000000000000000000009 
911111111111111100000000000000000000000000000000009 
911111111111111000000000000000000000000000000000009 
911111111111110000000000000000000000000000000000009 
911111111100110000000000000000000000000000000000009 
911100000000000000000000000000000000000000000000009 
910000000000000000000000000000000000000000000000009 
900000000000000000000000000000000000000000000000009 
900000000000000000000000000000000000000000000000009 
900000000000000000000000000000000000000000000000009 
900000000000000000000000000000000000000000000000009 
900000000000000000000000000000000000000000000000009 
900000000000000000000000000000000000000000000000009 
900000000000000000000000000000000000000000000000009 
900000000000000000000000000000000000000000000000009 
900000000000000000000000000000000000000000000000009 
900000000000000000000000000000000000000000000000009 
900000000000000000000000000000000000000000000000009 
900000000000000000000000000000000000000000000000009 
900000000000000000000000000000000000000000000000009 
900000000000000000000000000000000000000000000000009 
900000000000000000000000000000000000000000000000009 
900000000000000000000000000000000000000000000000009 
900000000000000000000000000000000000000000000000009 
910000000000000000000000000000000000000000000000019 
999999999999999999999999999999999999999999999999999 
