999999999999999999999999999999999999999999999999999 
999999999999999999999999999999999999999999999999999 
911111111111111111111111111111111111111111111111119 
911111111111111111111111111111111111111111111111119 
911111111111111111111111111111111111111111111111119 
911111111111111111111111111111111111111111111111119 
911111111111111111111111111111111111111111111111119 
911111111111111111111111111111111111111111111111119 
911111111111111111111111111111111111111111111111119 
911111111111111111111111111111111111111111111111119 
911111111111111111111111111111111111111111111111119 
911111111111111111111111111111111111111111111111119 
911111111111111111111111111111111111111111111111119 
911111111111111111111111111111111111111111111111109 
911111111111111111111111111111111111111111111111109 
911111111111111111111111111111111111111110000001009 
911111111111111111111111111111111111110000000000009 
911111111111111111111111111111100001110000000000009 
911111111111111111111111111100000000000000000000009 
911111111111111111111111110000000000000000000000009 
911111111111111111111111000000000000000000000000009 
911111111111111111111110000000000100000000000000009 
911111111111111111111100000000000000000000000000009 
911111111111111111110000000000000000000000000000009 
911111111111111111100000000000000000000000000000009 
911111111111110001000000000000000000000000000000009 
911111111111100001000000000000000000000000000000009 
911111111111000010000000000000000000000000000000009 
911111110000000010000000000000000000000000000000009 
911111110000000100000000000000000000000000000000009 
911111110000111000000000000000000000000000000000009 
911111110001000000000000000000000000000000000000009 
911111110000000000000000000000000000000000000000009 
911111110000000000000000000000000000000000000000009 
911111110000000000000000000000000000000000000000009 
911111111000000000000000000000000000000000000000009 
911111111000000000000000000000000000000000000000009 
911111111000000000000000000000000000000000000000009 
911111111100000000000000000000000000000000000000009 
911111111100000000000000000000000000000000000000009 
911111111100000000000000000000000000000000000000009 
911111111110000000000000000000000000000000000000009 
911111111111000000000000000000000000000000000000009 
911111111111100000000000000000000000000000000000009 
911111111111110000000000000000000000000000000000009 
999999999999999999999999999999999999999999999999999 
