999999999999999999999999999999999999999999999999999 
900000000000000011111111111111111111111111111111199 
900000000000000011111111111111111111111111111111199 
900000000000000011111111111111111111111111111111199 
900000000000000011111111111111111111111111111111199 
900000000000000011111111111111111111111111111111199 
911000000000000111111111111111111111111111111111199 
911110000000000111111111111111111111111111111111199 
911111111000111111111111111111111111111111111111199 
901111111111111111111111111111111111111111111111199 
901111111111111111111111111111111111111111111111199 
911111111111111111111111111111111111111111111111199 
911111111111111111111111111111111111111111111111199 
911111111111111111111111111111111111111111111111199 
901111111111111111111111111111111111111111111111199 
900001111111111111111111111111111111111111111111199 
900000011111111111111111111111111111111111111111199 
900000000111111111111111111111111111111111111111199 
900000000011111111111111111111111111111111111111199 
900000000011111111111111111111111111111111111111199 
900000000011111111111111111111111111111111111111199 
900000000001111111111111111111111111111111111111199 
900000000000111111111111111111111111111111111111199 
900000000000111111111111111111111111111111111111199 
900000000000011111111111111111111111111111111111199 
900000000000000001110011111111111111111111111111199 
900000000000000000000011111111111111111111111111199 
900000000000000000000001111111111111111111111111199 
900000000000000000000000011111111111111111111111199 
900000000000000000000000001111111111111111111111199 
900000000000000000000000000111111111111111111111199 
900000000000000000000000000011111111111111111111199 
900000000000000000000000000000011111111111111111199 
900000000000000000000000000000000000111111111111199 
900000000000000000000000000000000000000111111111199 
900000000000000000000000000000000000000011111111199 
900000000000000000000000000000000000000001111111199 
900000000000000000000000000000000000000000111111199 
900000000000000000000000000000000000000000001111199 
900000000000000000000000000000000000000000000111199 
900000000000000000000000000000000000000000000011199 
910000000000000000000000000000000000000000000001119 
999999999999999999999999999999999999999999999999999 
