999999999999999999999999999999999999999999999999999 
999999999999999999999999999999999999999999999999999 
911111111111111111111111111111111111111111100000199 
911111111111111111111111111111111111111111100000199 
911111111111111111111111111111111111111110000000099 
911111111111111111111111111111111111100000000000099 
911111111111111111111111111100000000000000000000099 
911111111111110000000000000000000000000000000000099 
911111111111100000000000000000000000000000000111199 
911111111111100000000000000000000000000000001111199 
911111111111000000000000000000000000000001111111199 
911111000000000000000000000000000000000011111111199 
911100000000000000000000000000000111111111111111199 
910000000000000000000000000000001111111111111111199 
910000000000000000000000000000001111111111111111199 
900000000000000000000000000000000001111111111111199 
900000000000000000000000000000000001111111111111199 
900000000000000000000000001111100001111111111111199 
900000000000000000001111111111111111111111111111199 
900000000000000000001111111111111111111111111111199 
900000000000000000001111111111111111111111111111199 
900000000000000000000111111111111111111111111111199 
900000000000000000000111111111111111111111111111199 
900000000000000000000011111111111111111111111111199 
900000000000000000000001000111111111111111111111199 
900000000000000000000000000011111111111111111111199 
900000000000000000000000000001111111111111111111199 
900000000000000000000000000000111111111111111111199 
900000000000000000000000000000011111111111111111199 
900000000000000000000000000000001111111111111111199 
900000000000000000000000000011000011111111111111199 
900000000000000000000000000011100001111111111111199 
900000000000000000000000000111111001111111111111199 
900000000000000000000001111111111111111111111111199 
900000000000000000000001111111111111111111111111199 
900000000000000000000011111111111111111111111111199 
900000000000000000000011111111111111111111111111199 
900000000000000000000011111111111111111111111111199 
900000000000000000000111111111111111111111111111199 
900000000000000000000111111111111111111111111111199 
900000000000000000001111111111111111111111111111199 
900000000000000000111111111111111111111111111111199 
900000000000000011111111111111111111111111111111199 
900000000000000011111111111111111111111111111111199 
900000000000000011111111111111111111111111111111199 
999999999999999999999999999999999999999999999999999 
