16  16  4  4          
           1           1          -1   0.0000000000000000     
           1           2           0   14.000000000000000     
           1           3           0   56.000000000000000     
           1           4           0   88.000000000000000     
           1           5           1   130.00000000000000     
           1           6           1   81.000000000000000     
           1           7           1   53.000000000000000     
           1           8          -1   0.0000000000000000     
           1           9          -1   0.0000000000000000     
           1          10          -1   0.0000000000000000     
           1          11          -1   0.0000000000000000     
           1          12          -1   0.0000000000000000     
           1          13          -1   0.0000000000000000     
           1          14          -1   0.0000000000000000     
           1          15          -1   0.0000000000000000     
           1          16          -1   0.0000000000000000     
           2           1           0   5.0000000000000000     
           2           2           0   131.00000000000000     
           2           3           0   153.00000000000000     
           2           4           0   153.00000000000000     
           2           5           1   153.00000000000000     
           2           6           1   153.00000000000000     
           2           7           1   150.00000000000000     
           2           8           1   111.00000000000000     
           2           9           2   101.00000000000000     
           2          10           2   89.000000000000000     
           2          11           2   26.000000000000000     
           2          12          -1   0.0000000000000000     
           2          13          -1   0.0000000000000000     
           2          14          -1   0.0000000000000000     
           2          15          -1   0.0000000000000000     
           2          16          -1   0.0000000000000000     
           3           1           0   48.000000000000000     
           3           2           0   153.00000000000000     
           3           3           0   153.00000000000000     
           3           4           0   153.00000000000000     
           3           5           1   153.00000000000000     
           3           6           1   153.00000000000000     
           3           7           1   153.00000000000000     
           3           8           1   153.00000000000000     
           3           9           2   153.00000000000000     
           3          10           2   153.00000000000000     
           3          11           2   139.00000000000000     
           3          12           2   69.000000000000000     
           3          13           3   62.000000000000000     
           3          14           3   28.000000000000000     
           3          15          -1   0.0000000000000000     
           3          16          -1   0.0000000000000000     
           4           1           0   61.000000000000000     
           4           2           0   153.00000000000000     
           4           3           0   153.00000000000000     
           4           4           0   153.00000000000000     
           4           5           1   153.00000000000000     
           4           6           1   153.00000000000000     
           4           7           1   153.00000000000000     
           4           8           1   153.00000000000000     
           4           9           2   153.00000000000000     
           4          10           2   153.00000000000000     
           4          11           2   153.00000000000000     
           4          12           2   153.00000000000000     
           4          13           3   153.00000000000000     
           4          14           3   139.00000000000000     
           4          15           3   81.000000000000000     
           4          16           3   19.000000000000000     
           5           1           4   44.000000000000000     
           5           2           4   137.00000000000000     
           5           3           4   153.00000000000000     
           5           4           4   153.00000000000000     
           5           5           5   153.00000000000000     
           5           6           5   153.00000000000000     
           5           7           5   153.00000000000000     
           5           8           5   153.00000000000000     
           5           9           6   153.00000000000000     
           5          10           6   153.00000000000000     
           5          11           6   153.00000000000000     
           5          12           6   153.00000000000000     
           5          13           7   153.00000000000000     
           5          14           7   153.00000000000000     
           5          15           7   153.00000000000000     
           5          16           7   119.00000000000000     
           6           1          -1   0.0000000000000000     
           6           2           4   21.000000000000000     
           6           3           4   132.00000000000000     
           6           4           4   153.00000000000000     
           6           5           5   153.00000000000000     
           6           6           5   153.00000000000000     
           6           7           5   153.00000000000000     
           6           8           5   153.00000000000000     
           6           9           6   153.00000000000000     
           6          10           6   153.00000000000000     
           6          11           6   153.00000000000000     
           6          12           6   153.00000000000000     
           6          13           7   146.00000000000000     
           6          14           7   153.00000000000000     
           6          15           7   97.000000000000000     
           6          16           7   50.000000000000000     
           7           1          -1   0.0000000000000000     
           7           2          -1   0.0000000000000000     
           7           3           4   35.000000000000000     
           7           4           4   152.00000000000000     
           7           5           5   153.00000000000000     
           7           6           5   153.00000000000000     
           7           7           5   153.00000000000000     
           7           8           5   153.00000000000000     
           7           9           6   153.00000000000000     
           7          10           6   153.00000000000000     
           7          11           6   153.00000000000000     
           7          12           6   143.00000000000000     
           7          13           7   32.000000000000000     
           7          14           7   115.00000000000000     
           7          15           7   58.000000000000000     
           7          16          -1   0.0000000000000000     
           8           1          -1   0.0000000000000000     
           8           2          -1   0.0000000000000000     
           8           3           4   9.0000000000000000     
           8           4           4   153.00000000000000     
           8           5           5   153.00000000000000     
           8           6           5   153.00000000000000     
           8           7           5   153.00000000000000     
           8           8           5   153.00000000000000     
           8           9           6   153.00000000000000     
           8          10           6   120.00000000000000     
           8          11           6   15.000000000000000     
           8          12           6   17.000000000000000     
           8          13          -1   0.0000000000000000     
           8          14           7   12.000000000000000     
           8          15           7   11.000000000000000     
           8          16          -1   0.0000000000000000     
           9           1          -1   0.0000000000000000     
           9           2          -1   0.0000000000000000     
           9           3           8   14.000000000000000     
           9           4           8   146.00000000000000     
           9           5           9   153.00000000000000     
           9           6           9   153.00000000000000     
           9           7           9   153.00000000000000     
           9           8           9   153.00000000000000     
           9           9          10   153.00000000000000     
           9          10          10   153.00000000000000     
           9          11          10   101.00000000000000     
           9          12          -1   0.0000000000000000     
           9          13          -1   0.0000000000000000     
           9          14          11   33.000000000000000     
           9          15          11   42.000000000000000     
           9          16          -1   0.0000000000000000     
          10           1          -1   0.0000000000000000     
          10           2          -1   0.0000000000000000     
          10           3           8   131.00000000000000     
          10           4           8   153.00000000000000     
          10           5           9   153.00000000000000     
          10           6           9   153.00000000000000     
          10           7           9   153.00000000000000     
          10           8           9   153.00000000000000     
          10           9          10   153.00000000000000     
          10          10          10   153.00000000000000     
          10          11          10   153.00000000000000     
          10          12          10   65.000000000000000     
          10          13          11   87.000000000000000     
          10          14          11   153.00000000000000     
          10          15          11   148.00000000000000     
          10          16          11   71.000000000000000     
          11           1           8   2.0000000000000000     
          11           2           8   110.00000000000000     
          11           3           8   150.00000000000000     
          11           4           8   153.00000000000000     
          11           5           9   153.00000000000000     
          11           6           9   153.00000000000000     
          11           7           9   153.00000000000000     
          11           8           9   153.00000000000000     
          11           9          10   153.00000000000000     
          11          10          10   153.00000000000000     
          11          11          10   153.00000000000000     
          11          12          10   98.000000000000000     
          11          13          11   95.000000000000000     
          11          14          11   153.00000000000000     
          11          15          11   153.00000000000000     
          11          16          11   165.00000000000000     
          12           1           8   56.000000000000000     
          12           2           8   151.00000000000000     
          12           3           8   153.00000000000000     
          12           4           8   153.00000000000000     
          12           5           9   153.00000000000000     
          12           6           9   153.00000000000000     
          12           7           9   153.00000000000000     
          12           8           9   153.00000000000000     
          12           9          10   153.00000000000000     
          12          10          10   153.00000000000000     
          12          11          10   120.00000000000000     
          12          12          10   37.000000000000000     
          12          13          11   87.000000000000000     
          12          14          11   149.00000000000000     
          12          15          11   153.00000000000000     
          12          16          11   265.00000000000000     
          13           1          12   129.00000000000000     
          13           2          12   153.00000000000000     
          13           3          12   153.00000000000000     
          13           4          12   153.00000000000000     
          13           5          13   153.00000000000000     
          13           6          13   153.00000000000000     
          13           7          13   153.00000000000000     
          13           8          13   153.00000000000000     
          13           9          14   153.00000000000000     
          13          10          14   125.00000000000000     
          13          11          14   18.000000000000000     
          13          12          -1   0.0000000000000000     
          13          13          -1   0.0000000000000000     
          13          14          15   20.000000000000000     
          13          15          15   99.000000000000000     
          13          16          15   215.00000000000000     
          14           1          12   111.00000000000000     
          14           2          12   153.00000000000000     
          14           3          12   153.00000000000000     
          14           4          12   153.00000000000000     
          14           5          13   153.00000000000000     
          14           6          13   153.00000000000000     
          14           7          13   153.00000000000000     
          14           8          13   153.00000000000000     
          14           9          14   120.00000000000000     
          14          10          14   23.000000000000000     
          14          11          -1   0.0000000000000000     
          14          12          -1   0.0000000000000000     
          14          13          -1   0.0000000000000000     
          14          14          -1   0.0000000000000000     
          14          15          -1   0.0000000000000000     
          14          16          15   88.000000000000000     
          15           1          12   125.00000000000000     
          15           2          12   153.00000000000000     
          15           3          12   153.00000000000000     
          15           4          12   153.00000000000000     
          15           5          13   153.00000000000000     
          15           6          13   153.00000000000000     
          15           7          13   140.00000000000000     
          15           8          13   51.000000000000000     
          15           9          14   1.0000000000000000     
          15          10          -1   0.0000000000000000     
          15          11          -1   0.0000000000000000     
          15          12          -1   0.0000000000000000     
          15          13          -1   0.0000000000000000     
          15          14          -1   0.0000000000000000     
          15          15          -1   0.0000000000000000     
          15          16          -1   0.0000000000000000     
          16           1          12   81.000000000000000     
          16           2          12   218.00000000000000     
          16           3          12   268.00000000000000     
          16           4          12   256.00000000000000     
          16           5          13   229.00000000000000     
          16           6          13   154.00000000000000     
          16           7          13   12.000000000000000     
          16           8          -1   0.0000000000000000     
          16           9          -1   0.0000000000000000     
          16          10          -1   0.0000000000000000     
          16          11          -1   0.0000000000000000     
          16          12          -1   0.0000000000000000     
          16          13          -1   0.0000000000000000     
          16          14          -1   0.0000000000000000     
          16          15          -1   0.0000000000000000     
          16          16          -1   0.0000000000000000     
