16  16  4  4          
           1           1          -1   0.0000000000000000     
           1           2           0   14.000000000000000     
           1           3           0   56.000000000000000     
           1           4           0   88.000000000000000     
           1           5           4   130.00000000000000     
           1           6           4   81.000000000000000     
           1           7           4   53.000000000000000     
           1           8          -1   0.0000000000000000     
           1           9          -1   0.0000000000000000     
           1          10          -1   0.0000000000000000     
           1          11          -1   0.0000000000000000     
           1          12          -1   0.0000000000000000     
           1          13          -1   0.0000000000000000     
           1          14          -1   0.0000000000000000     
           1          15          -1   0.0000000000000000     
           1          16          -1   0.0000000000000000     
           2           1           0   5.0000000000000000     
           2           2           0   131.00000000000000     
           2           3           0   153.00000000000000     
           2           4           0   153.00000000000000     
           2           5           4   153.00000000000000     
           2           6           4   153.00000000000000     
           2           7           4   150.00000000000000     
           2           8           4   111.00000000000000     
           2           9           4   101.00000000000000     
           2          10           4   89.000000000000000     
           2          11           5   26.000000000000000     
           2          12          -1   0.0000000000000000     
           2          13          -1   0.0000000000000000     
           2          14          -1   0.0000000000000000     
           2          15          -1   0.0000000000000000     
           2          16          -1   0.0000000000000000     
           3           1           0   48.000000000000000     
           3           2           0   153.00000000000000     
           3           3           0   153.00000000000000     
           3           4           0   153.00000000000000     
           3           5           3   153.00000000000000     
           3           6           3   153.00000000000000     
           3           7           3   153.00000000000000     
           3           8           3   153.00000000000000     
           3           9           4   153.00000000000000     
           3          10           4   153.00000000000000     
           3          11           5   139.00000000000000     
           3          12           5   69.000000000000000     
           3          13           5   62.000000000000000     
           3          14           5   28.000000000000000     
           3          15          -1   0.0000000000000000     
           3          16          -1   0.0000000000000000     
           4           1           1   61.000000000000000     
           4           2           0   153.00000000000000     
           4           3           0   153.00000000000000     
           4           4           0   153.00000000000000     
           4           5           3   153.00000000000000     
           4           6           3   153.00000000000000     
           4           7           3   153.00000000000000     
           4           8           3   153.00000000000000     
           4           9           4   153.00000000000000     
           4          10           4   153.00000000000000     
           4          11           5   153.00000000000000     
           4          12           5   153.00000000000000     
           4          13           5   153.00000000000000     
           4          14           5   139.00000000000000     
           4          15           5   81.000000000000000     
           4          16           5   19.000000000000000     
           5           1           1   44.000000000000000     
           5           2           1   137.00000000000000     
           5           3           1   153.00000000000000     
           5           4           1   153.00000000000000     
           5           5           1   153.00000000000000     
           5           6           1   153.00000000000000     
           5           7           3   153.00000000000000     
           5           8           3   153.00000000000000     
           5           9           7   153.00000000000000     
           5          10           7   153.00000000000000     
           5          11           6   153.00000000000000     
           5          12           6   153.00000000000000     
           5          13           5   153.00000000000000     
           5          14           5   153.00000000000000     
           5          15           6   153.00000000000000     
           5          16           6   119.00000000000000     
           6           1          -1   0.0000000000000000     
           6           2           1   21.000000000000000     
           6           3           1   132.00000000000000     
           6           4           1   153.00000000000000     
           6           5           2   153.00000000000000     
           6           6           2   153.00000000000000     
           6           7           3   153.00000000000000     
           6           8           2   153.00000000000000     
           6           9           7   153.00000000000000     
           6          10           6   153.00000000000000     
           6          11           6   153.00000000000000     
           6          12           6   153.00000000000000     
           6          13           5   146.00000000000000     
           6          14           5   153.00000000000000     
           6          15           6   97.000000000000000     
           6          16           6   50.000000000000000     
           7           1          -1   0.0000000000000000     
           7           2          -1   0.0000000000000000     
           7           3           1   35.000000000000000     
           7           4           1   152.00000000000000     
           7           5           2   153.00000000000000     
           7           6           2   153.00000000000000     
           7           7           2   153.00000000000000     
           7           8           2   153.00000000000000     
           7           9           7   153.00000000000000     
           7          10           7   153.00000000000000     
           7          11           6   153.00000000000000     
           7          12           6   143.00000000000000     
           7          13           6   32.000000000000000     
           7          14           6   115.00000000000000     
           7          15           6   58.000000000000000     
           7          16          -1   0.0000000000000000     
           8           1          -1   0.0000000000000000     
           8           2          -1   0.0000000000000000     
           8           3           1   9.0000000000000000     
           8           4           1   153.00000000000000     
           8           5           2   153.00000000000000     
           8           6           2   153.00000000000000     
           8           7           2   153.00000000000000     
           8           8           2   153.00000000000000     
           8           9           7   153.00000000000000     
           8          10           7   120.00000000000000     
           8          11           6   15.000000000000000     
           8          12           6   17.000000000000000     
           8          13          -1   0.0000000000000000     
           8          14           6   12.000000000000000     
           8          15           6   11.000000000000000     
           8          16          -1   0.0000000000000000     
           9           1          -1   0.0000000000000000     
           9           2          -1   0.0000000000000000     
           9           3          13   14.000000000000000     
           9           4          13   146.00000000000000     
           9           5          12   153.00000000000000     
           9           6          12   153.00000000000000     
           9           7          12   153.00000000000000     
           9           8          12   153.00000000000000     
           9           9           7   153.00000000000000     
           9          10           7   153.00000000000000     
           9          11           8   101.00000000000000     
           9          12          -1   0.0000000000000000     
           9          13          -1   0.0000000000000000     
           9          14           8   33.000000000000000     
           9          15           8   42.000000000000000     
           9          16          -1   0.0000000000000000     
          10           1          -1   0.0000000000000000     
          10           2          -1   0.0000000000000000     
          10           3          13   131.00000000000000     
          10           4          13   153.00000000000000     
          10           5          12   153.00000000000000     
          10           6          12   153.00000000000000     
          10           7          12   153.00000000000000     
          10           8          12   153.00000000000000     
          10           9           7   153.00000000000000     
          10          10           7   153.00000000000000     
          10          11           8   153.00000000000000     
          10          12           8   65.000000000000000     
          10          13           8   87.000000000000000     
          10          14           8   153.00000000000000     
          10          15           9   148.00000000000000     
          10          16           8   71.000000000000000     
          11           1          13   2.0000000000000000     
          11           2          13   110.00000000000000     
          11           3          13   150.00000000000000     
          11           4          13   153.00000000000000     
          11           5          12   153.00000000000000     
          11           6          12   153.00000000000000     
          11           7          11   153.00000000000000     
          11           8          11   153.00000000000000     
          11           9           8   153.00000000000000     
          11          10           8   153.00000000000000     
          11          11           8   153.00000000000000     
          11          12           8   98.000000000000000     
          11          13           9   95.000000000000000     
          11          14           9   153.00000000000000     
          11          15           9   153.00000000000000     
          11          16           9   165.00000000000000     
          12           1          13   56.000000000000000     
          12           2          13   151.00000000000000     
          12           3          13   153.00000000000000     
          12           4          13   153.00000000000000     
          12           5          13   153.00000000000000     
          12           6          12   153.00000000000000     
          12           7          11   153.00000000000000     
          12           8          11   153.00000000000000     
          12           9           8   153.00000000000000     
          12          10           8   153.00000000000000     
          12          11           8   120.00000000000000     
          12          12           8   37.000000000000000     
          12          13           9   87.000000000000000     
          12          14           9   149.00000000000000     
          12          15           9   153.00000000000000     
          12          16           9   265.00000000000000     
          13           1          13   129.00000000000000     
          13           2          14   153.00000000000000     
          13           3          14   153.00000000000000     
          13           4          14   153.00000000000000     
          13           5          11   153.00000000000000     
          13           6          11   153.00000000000000     
          13           7          11   153.00000000000000     
          13           8          11   153.00000000000000     
          13           9          10   153.00000000000000     
          13          10          10   125.00000000000000     
          13          11          10   18.000000000000000     
          13          12          -1   0.0000000000000000     
          13          13          -1   0.0000000000000000     
          13          14           9   20.000000000000000     
          13          15           9   99.000000000000000     
          13          16           9   215.00000000000000     
          14           1          14   111.00000000000000     
          14           2          14   153.00000000000000     
          14           3          14   153.00000000000000     
          14           4          14   153.00000000000000     
          14           5          11   153.00000000000000     
          14           6          10   153.00000000000000     
          14           7          11   153.00000000000000     
          14           8          11   153.00000000000000     
          14           9          10   120.00000000000000     
          14          10          10   23.000000000000000     
          14          11          -1   0.0000000000000000     
          14          12          -1   0.0000000000000000     
          14          13          -1   0.0000000000000000     
          14          14          -1   0.0000000000000000     
          14          15          -1   0.0000000000000000     
          14          16          10   88.000000000000000     
          15           1          15   125.00000000000000     
          15           2          15   153.00000000000000     
          15           3          14   153.00000000000000     
          15           4          14   153.00000000000000     
          15           5          10   153.00000000000000     
          15           6          10   153.00000000000000     
          15           7          10   140.00000000000000     
          15           8          10   51.000000000000000     
          15           9          10   1.0000000000000000     
          15          10          -1   0.0000000000000000     
          15          11          -1   0.0000000000000000     
          15          12          -1   0.0000000000000000     
          15          13          -1   0.0000000000000000     
          15          14          -1   0.0000000000000000     
          15          15          -1   0.0000000000000000     
          15          16          -1   0.0000000000000000     
          16           1          15   81.000000000000000     
          16           2          15   218.00000000000000     
          16           3          15   268.00000000000000     
          16           4          14   256.00000000000000     
          16           5          10   229.00000000000000     
          16           6          10   154.00000000000000     
          16           7          10   12.000000000000000     
          16           8          -1   0.0000000000000000     
          16           9          -1   0.0000000000000000     
          16          10          -1   0.0000000000000000     
          16          11          -1   0.0000000000000000     
          16          12          -1   0.0000000000000000     
          16          13          -1   0.0000000000000000     
          16          14          -1   0.0000000000000000     
          16          15          -1   0.0000000000000000     
          16          16          -1   0.0000000000000000     
