13
13
13
13
13
12
12
12
11
11
10
10
10
10
10
10
13
13
13
13
12
12
12
12
11
11
10
10
10
10
10
10
13
13
13
13
12
12
12
11
11
11
10
10
10
10
10
10
13
15
13
13
12
12
12
11
11
11
10
10
10
10
8
10
15
15
15
15
15
14
14
11
11
11
10
10
10
10
8
8
15
15
15
15
15
14
14
9
9
9
9
8
8
8
8
8
15
15
15
15
14
14
14
9
9
9
9
8
8
8
8
8
15
15
15
15
14
14
14
9
9
9
8
8
8
8
8
8
15
15
15
3
2
2
4
4
4
8
8
8
8
5
5
5
3
3
3
3
2
2
4
4
4
4
5
5
5
5
5
5
3
3
3
3
2
2
4
4
4
4
5
5
5
5
5
5
3
3
3
3
2
2
7
7
7
6
6
6
6
6
6
6
3
3
0
2
2
2
7
7
7
6
6
7
7
6
6
6
0
0
0
1
1
1
7
7
7
6
7
7
7
7
7
6
0
0
0
1
1
1
7
7
7
7
7
7
7
7
7
7
0
0
0
1
1
1
7
7
7
7
7
7
7
7
7
7
