16 16 4 4
1 1 13
1 2 13
1 3 13
1 4 13
1 5 13
1 6 12
1 7 12
1 8 12
1 9 11
1 10 11
1 11 10
1 12 10
1 13 10
1 14 10
1 15 10
1 16 10
2 1 13
2 2 13
2 3 13
2 4 13
2 5 12
2 6 12
2 7 12
2 8 12
2 9 11
2 10 11
2 11 10
2 12 10
2 13 10
2 14 10
2 15 10
2 16 10
3 1 13
3 2 13
3 3 13
3 4 13
3 5 12
3 6 12
3 7 12
3 8 11
3 9 11
3 10 11
3 11 10
3 12 10
3 13 10
3 14 10
3 15 10
3 16 10
4 1 13
4 2 15
4 3 13
4 4 13
4 5 12
4 6 12
4 7 12
4 8 11
4 9 11
4 10 11
4 11 10
4 12 10
4 13 10
4 14 10
4 15 8
4 16 10
5 1 15
5 2 15
5 3 15
5 4 15
5 5 15
5 6 14
5 7 14
5 8 11
5 9 11
5 10 11
5 11 10
5 12 10
5 13 10
5 14 10
5 15 8
5 16 8
6 1 15
6 2 15
6 3 15
6 4 15
6 5 15
6 6 14
6 7 14
6 8 9
6 9 9
6 10 9
6 11 9
6 12 8
6 13 8
6 14 8
6 15 8
6 16 8
7 1 15
7 2 15
7 3 15
7 4 15
7 5 14
7 6 14
7 7 14
7 8 9
7 9 9
7 10 9
7 11 9
7 12 8
7 13 8
7 14 8
7 15 8
7 16 8
8 1 15
8 2 15
8 3 15
8 4 15
8 5 14
8 6 14
8 7 14
8 8 9
8 9 9
8 10 9
8 11 8
8 12 8
8 13 8
8 14 8
8 15 8
8 16 8
9 1 15
9 2 15
9 3 15
9 4 3
9 5 2
9 6 2
9 7 4
9 8 4
9 9 4
9 10 8
9 11 8
9 12 8
9 13 8
9 14 5
9 15 5
9 16 5
10 1 3
10 2 3
10 3 3
10 4 3
10 5 2
10 6 2
10 7 4
10 8 4
10 9 4
10 10 4
10 11 5
10 12 5
10 13 5
10 14 5
10 15 5
10 16 5
11 1 3
11 2 3
11 3 3
11 4 3
11 5 2
11 6 2
11 7 4
11 8 4
11 9 4
11 10 4
11 11 5
11 12 5
11 13 5
11 14 5
11 15 5
11 16 5
12 1 3
12 2 3
12 3 3
12 4 3
12 5 2
12 6 2
12 7 7
12 8 7
12 9 7
12 10 6
12 11 6
12 12 6
12 13 6
12 14 6
12 15 6
12 16 6
13 1 3
13 2 3
13 3 0
13 4 2
13 5 2
13 6 2
13 7 7
13 8 7
13 9 7
13 10 6
13 11 6
13 12 7
13 13 7
13 14 6
13 15 6
13 16 6
14 1 0
14 2 0
14 3 0
14 4 1
14 5 1
14 6 1
14 7 7
14 8 7
14 9 7
14 10 6
14 11 7
14 12 7
14 13 7
14 14 7
14 15 7
14 16 6
15 1 0
15 2 0
15 3 0
15 4 1
15 5 1
15 6 1
15 7 7
15 8 7
15 9 7
15 10 7
15 11 7
15 12 7
15 13 7
15 14 7
15 15 7
15 16 7
16 1 0
16 2 0
16 3 0
16 4 1
16 5 1
16 6 1
16 7 7
16 8 7
16 9 7
16 10 7
16 11 7
16 12 7
16 13 7
16 14 7
16 15 7
16 16 7
